title 99srv188
cell 9.373   9.573   9.772  77.86  62.06  67.10
outputformat xplor
outputfile example1.m81
voxel 60 60 64
#Space group P-1
symmetry
x1 x2 x3
-x1 -x2 -x3
endsymmetry
fbegin
   1   0   0 2596.94   11.38
   2   0   0  19.394   0.740
   3   0   0 1987.72   14.14
   4   0   0 4593.11   27.18
   5   0   0  37.881   1.267
   6   0   0  22.660   1.165
   7   0   0  -1.096   0.953
   8   0   0  1.7415  0.8396
  -8   1   0  0.7079  0.8817
  -7   1   0  14.789   1.165
  -6   1   0  9.2834  1.0535
  -5   1   0  43.122   1.519
  -4   1   0  189.75    5.44
  -3   1   0  103.64    2.99
  -2   1   0  138.04    3.53
  -1   1   0  140.04    2.76
   0   1   0  97.322   1.731
   1   1   0  644.19    4.67
   2   1   0  235.66    3.78
   3   1   0  1.7998  0.7070
   4   1   0  76.587   2.545
   5   1   0  339.06    7.64
   6   1   0  38.170   1.307
   7   1   0 -0.4769  0.9110
   8   1   0  19.926   1.125
   9   1   0  4.1594  0.8108
  -8   2   0 -0.8999  1.0999
  -7   2   0  2.2998  1.3999
  -6   2   0  43.796   2.100
  -5   2   0  260.77   10.80
  -4   2   0  852.11   17.00
  -3   2   0 2692.43   27.70
  -2   2   0  90.291   3.400
  -1   2   0 2059.09   18.10
   0   2   0 9999.00   53.39
   1   2   0 2360.26   17.70
   2   2   0  59.894   2.600
   3   2   0  85.391   3.300
   4   2   0  227.08    7.70
   5   2   0  6.2994  1.0999
   6   2   0  58.194   2.900
   7   2   0  2.4997  1.1999
   8   2   0  18.898   1.700
   9   2   0  33.097   1.700
  -7   3   0  15.598   1.500
  -6   3   0  -2.500   1.500
  -5   3   0  34.097   2.000
  -4   3   0  2.6997  1.1999
  -3   3   0  3.8996  1.1999
  -2   3   0  8.9991  1.0999
  -1   3   0  1.8998  1.0999
   0   3   0  653.03   10.20
   1   3   0  792.32   11.00
   2   3   0  0.5000  0.9999
   3   3   0  30.297   1.400
   4   3   0  279.07    8.50
   5   3   0  15.098   1.300
   6   3   0  0.1000  1.2999
   7   3   0  31.397   1.900
   8   3   0  114.79    4.70
   9   3   0  7.8992  1.2999
  -5   4   0  7.7992  1.4999
  -4   4   0  63.894   2.900
  -3   4   0  781.72   17.20
  -2   4   0  146.79    7.10
  -1   4   0  65.093   2.900
   0   4   0  589.14   11.40
   1   4   0  380.36    8.80
   2   4   0  399.16    9.40
   3   4   0  28.497   1.400
   4   4   0  23.998   1.400
   5   4   0  9.5990  1.2999
   6   4   0  14.199   1.600
   7   4   0  67.693   3.400
   8   4   0  148.09    6.50
   9   4   0  0.5000  0.8999
  -5   5   0  4.1996  1.4999
  -4   5   0  28.697   1.800
  -3   5   0  0.4000  1.3999
  -2   5   0  39.796   1.900
  -1   5   0  40.396   1.900
   0   5   0  16.198   1.300
   1   5   0  507.35   11.90
   2   5   0  103.59    4.10
   3   5   0  40.796   1.900
   4   5   0  3.3997  1.1999
   5   5   0  19.598   1.500
   6   5   0  8.0992  1.4999
   7   5   0  8.2992  1.3999
   8   5   0  52.295   2.600
  -4   6   0  -2.600   1.500
  -3   6   0  128.19    6.20
  -2   6   0  272.87   11.30
  -1   6   0  169.28    6.40
   0   6   0  75.292   3.500
   1   6   0  20.398   1.500
   2   6   0  731.83   15.80
   3   6   0  33.097   1.700
   4   6   0  71.093   3.500
   5   6   0  112.29    5.60
   6   6   0  54.795   2.600
   7   6   0  0.5999  1.3999
  -5   7   0 -0.5999  0.8999
  -4   7   0  1.8998  0.9999
  -3   7   0  41.896   2.200
  -2   7   0  325.97   13.10
  -1   7   0  190.68    7.20
   0   7   0  34.797   1.900
   1   7   0  225.88   10.00
   2   7   0  379.16   12.90
   3   7   0  344.17   12.60
   4   7   0  41.996   2.000
   5   7   0  20.798   1.800
   6   7   0  69.193   3.500
   7   7   0  38.796   2.100
  -4   8   0  25.297   1.400
  -3   8   0  214.38   10.00
  -2   8   0  3.6996  1.2999
  -1   8   0  23.498   1.700
   0   8   0  11.399   1.600
   1   8   0  93.891   4.600
   2   8   0  22.298   1.800
   3   8   0  14.499   1.700
   4   8   0  84.592   3.800
   5   8   0  20.498   1.700
   6   8   0  1.7998  1.2999
   7   8   0  7.7992  1.2999
   8   8   0  17.198   1.400
   9   8   0  4.1996  0.8999
  -3   9   0  29.997   1.500
  -2   9   0  26.297   1.500
  -1   9   0  55.394   2.600
   0   9   0  42.996   2.100
   1   9   0  35.196   2.000
   2   9   0  5.8994  1.3999
   3   9   0  27.897   1.900
   4   9   0  4.5995  1.3999
   5   9   0  91.391   4.100
   6   9   0  -1.500   1.100
   7   9   0  13.699   1.200
   8   9   0  38.296   1.900
  -2  10   0  2.7997  0.6999
  -1  10   0  3.3997  0.9999
   0  10   0  52.695   2.500
   1  10   0  16.998   1.500
   2  10   0  66.893   3.100
   3  10   0  6.3994  1.2999
   4  10   0  53.295   2.600
   5  10   0  0.5999  0.9999
   6  10   0  8.3992  1.1999
   7  10   0  6.4993  0.7999
   8  10   0  8.8991  0.6999
   0  11   0  5.3995  0.7999
   1  11   0  33.397   1.600
   2  11   0  6.5993  0.9999
   3  11   0  35.896   1.700
   4  11   0  1.6998  0.7999
   5  11   0  7.7992  0.9999
   6  11   0  4.4995  0.7999
  -5 -11   1  0.1000  0.6999
  -4 -11   1  30.697   1.500
  -3 -11   1  12.999   1.000
  -2 -11   1  0.3000  0.8999
  -1 -11   1  19.398   1.000
  -7 -10   1  0.0000  0.5999
  -6 -10   1  17.098   1.200
  -5 -10   1  5.8994  0.9999
  -4 -10   1  68.293   3.300
  -3 -10   1  44.096   2.100
  -2 -10   1  5.8994  1.2999
  -1 -10   1  8.5991  1.3999
   0 -10   1  22.598   1.400
   1 -10   1  1.1999  0.9999
   2 -10   1  0.5000  0.7999
  -8  -9   1  9.4991  0.7999
  -7  -9   1  3.6996  0.8999
  -6  -9   1  3.3997  0.7999
  -5  -9   1  17.198   1.500
  -4  -9   1  86.691   4.200
  -3  -9   1  6.4993  1.5998
  -2  -9   1  2.3998  1.2999
  -1  -9   1  7.7992  1.4999
   0  -9   1 -0.4000  1.3999
   1  -9   1  11.699   1.500
   2  -9   1  15.398   1.300
   3  -9   1  96.490   4.300
  -8  -8   1  37.796   1.800
  -7  -8   1  6.1994  1.2999
  -6  -8   1  5.5994  1.3999
  -5  -8   1  9.4991  1.4999
  -4  -8   1 -0.5999  1.3999
  -3  -8   1  24.498   1.700
  -2  -8   1  2.9997  1.1999
  -1  -8   1  5.8994  1.4999
   0  -8   1  0.5999  1.3999
   1  -8   1  -1.600   1.400
   2  -8   1  5.8994  1.3999
   3  -8   1  0.1000  1.1999
   4  -8   1  3.7996  0.9999
  -9  -7   1  3.6996  0.8999
  -6  -7   1  52.495   2.600
  -5  -7   1  7.8992  1.4999
  -4  -7   1  22.198   1.800
  -3  -7   1  121.29    5.90
  -2  -7   1  384.26   13.40
  -1  -7   1 -0.5000  1.4999
   0  -7   1  263.97   11.10
   1  -7   1  133.09    6.30
   2  -7   1  332.37   13.40
   3  -7   1  17.198   1.800
   4  -7   1  40.996   2.000
   5  -7   1  9.3991  1.1999
  -7  -6   1  0.6999  1.3999
  -6  -6   1  62.894   3.100
  -5  -6   1  22.998   1.900
  -4  -6   1  5.6994  1.4999
  -3  -6   1  96.890   4.600
  -2  -6   1  111.49    5.00
  -1  -6   1  98.090   4.600
   0  -6   1  3.1997  1.2999
   1  -6   1  226.08   10.10
   2  -6   1  244.58   11.40
   3  -6   1  558.74   16.70
   4  -6   1  48.595   2.400
  -7  -5   1  191.88    7.20
  -6  -5   1  33.597   2.000
  -5  -5   1  3.3997  1.3999
  -4  -5   1  87.391   3.600
  -3  -5   1  14.499   1.300
  -2  -5   1  479.85   12.10
  -1  -5   1  215.08    8.10
   0  -5   1  381.16   10.90
   1  -5   1  86.791   4.100
   2  -5   1  78.892   3.500
   3  -5   1  20.098   1.700
   4  -5   1  189.28    7.20
   5  -5   1  1.4999  1.3999
  -7  -4   1  92.591   4.500
  -6  -4   1  11.299   1.600
  -5  -4   1  2.9997  1.3999
  -4  -4   1  2.9997  1.1999
  -3  -4   1  34.197   1.700
  -2  -4   1  108.99    4.10
  -1  -4   1  171.88    6.50
   0  -4   1 1028.10   15.50
   1  -4   1  55.394   2.700
   2  -4   1  42.296   2.000
   3  -4   1  422.76   12.70
   4  -4   1  528.15   15.40
   5  -4   1  -2.000   1.500
   6  -4   1  24.298   1.800
  -8  -3   1  16.498   1.500
  -7  -3   1  67.893   3.100
  -6  -3   1  200.48    7.10
  -5  -3   1  70.993   3.100
  -4  -3   1  107.19    4.50
  -3  -3   1  82.092   3.700
  -2  -3   1  580.34   10.60
  -1  -3   1 1344.87   15.50
   0  -3   1 2300.87   21.30
   1  -3   1  28.397   1.400
   2  -3   1  30.897   1.500
   3  -3   1  37.396   1.700
   4  -3   1  367.26   11.90
   5  -3   1  18.898   1.800
   6  -3   1  8.2992  1.4999
   7  -3   1  1.0999  1.1999
  -8  -2   1  17.098   1.600
  -7  -2   1  15.998   1.700
  -6  -2   1  0.5999  1.3999
  -5  -2   1  20.898   1.500
  -4  -2   1  91.991   4.100
  -3  -2   1  118.29    5.60
  -2  -2   1  13.499   1.100
  -1  -2   1  199.38    5.30
   0  -2   1 2128.89   17.50
   1  -2   1  105.89    4.40
   2  -2   1  92.791   3.400
   3  -2   1  1.3999  0.9999
   4  -2   1  837.12   16.20
   5  -2   1  14.699   1.500
   6  -2   1  31.997   1.900
   7  -2   1  17.098   1.700
   8  -2   1  27.997   1.700
  -8  -1   1  4.3021  0.9525
  -7  -1   1  73.667   2.503
  -6  -1   1  21.231   1.094
  -5  -1   1  314.23    7.77
  -4  -1   1  183.14    5.37
  -3  -1   1  623.78    8.02
  -2  -1   1  291.62    4.74
  -1  -1   1  379.74    4.38
   0  -1   1 6116.67   23.65
   1  -1   1 1404.69    8.66
   2  -1   1  527.58    6.04
   3  -1   1  0.2500  0.7070
   4  -1   1  351.52    6.89
   5  -1   1  100.58    3.29
   6  -1   1  93.896   2.934
   7  -1   1  47.557   1.622
   8  -1   1  1.6135  0.7399
  -8   0   1  2.3871  0.8108
  -7   0   1  16.945   1.125
  -6   0   1  5.1202  0.9525
  -5   0   1  41.755   1.409
  -4   0   1  168.93    5.30
  -3   0   1  10.523   0.848
  -2   0   1  3.7969  0.7070
  -1   0   1 3030.24   14.53
   0   0   1  211.89    2.40
   1   0   1  40.429   1.220
   2   0   1 1096.87    7.95
   3   0   1 1154.93    9.97
   4   0   1  36.267   1.236
   5   0   1  353.12    7.56
   6   0   1  6.0254  0.8817
   7   0   1  15.799   1.196
   8   0   1  16.489   1.125
  -8   1   1 -0.2500  0.7070
  -7   1   1  3.3700  0.9525
  -6   1   1  15.265   1.165
  -5   1   1  168.43    5.14
  -4   1   1  36.794   1.267
  -3   1   1 2841.57   19.83
  -2   1   1  66.645   2.085
  -1   1   1 1119.13    8.34
   0   1   1  506.05    4.38
   1   1   1 1696.36    8.59
   2   1   1  586.32    5.48
   3   1   1  98.037   3.146
   4   1   1  287.93    5.62
   5   1   1  55.288   1.865
   6   1   1  146.20    3.99
   7   1   1  111.08    3.58
   8   1   1  36.829   1.435
  -7   2   1  4.6995  1.3999
  -6   2   1  15.698   1.700
  -5   2   1  14.699   1.500
  -4   2   1  149.09    5.70
  -3   2   1  15.998   1.300
  -2   2   1  637.44   11.80
  -1   2   1  508.95    9.00
   0   2   1  30.397   1.500
   1   2   1  419.86    6.60
   2   2   1 3767.12   25.60
   3   2   1  396.86    8.00
   4   2   1  875.21   13.70
   5   2   1  1.6998  1.0999
   6   2   1  0.1000  1.1999
   7   2   1 -0.9999  1.2999
   8   2   1  3.2997  1.1999
   9   2   1  11.899   1.300
  -6   3   1 -0.4000  1.3999
  -5   3   1  2.2998  1.3999
  -4   3   1  4.8995  1.3999
  -3   3   1  733.33   15.90
  -2   3   1  161.98    7.10
  -1   3   1  218.78    7.00
   0   3   1  270.57    7.10
   1   3   1  367.86    7.50
   2   3   1 1594.04   16.30
   3   3   1  708.63   11.40
   4   3   1  198.38    7.20
   5   3   1  3.0997  1.0999
   6   3   1  53.195   2.500
   7   3   1  148.29    6.10
   8   3   1  1.3999  1.1999
   9   3   1  0.5000  0.7999
  -5   4   1  22.198   1.900
  -4   4   1  156.78    6.50
  -3   4   1  31.097   1.700
  -2   4   1  272.47    9.60
  -1   4   1  64.694   2.800
   0   4   1  27.397   1.300
   1   4   1 1180.18   15.70
   2   4   1  91.391   3.500
   3   4   1  436.26    9.90
   4   4   1  64.894   2.900
   5   4   1  18.598   1.400
   6   4   1  2.1998  1.3999
   7   4   1  36.796   1.900
   8   4   1  10.199   1.600
   9   4   1  14.799   1.500
  -7   5   1  16.098   1.200
  -4   5   1  0.8999  1.2999
  -3   5   1  358.26   12.80
  -2   5   1  0.4000  1.2999
  -1   5   1  24.997   1.500
   0   5   1  2.8997  1.1999
   1   5   1  200.18    7.60
   2   5   1  113.89    4.40
   3   5   1  8.5991  1.1999
   4   5   1  157.78    7.40
   5   5   1  26.097   1.600
   6   5   1  33.497   1.800
   7   5   1  14.799   1.600
   8   5   1  38.596   2.100
  -6   6   1 -0.1000  0.6999
  -3   6   1  3.9996  1.4999
  -2   6   1  225.38   10.40
  -1   6   1  87.591   4.000
   0   6   1  90.891   3.800
   1   6   1  235.58    9.30
   2   6   1  82.592   3.600
   3   6   1  407.66   12.10
   4   6   1  3.9996  1.3999
   5   6   1  62.194   3.000
   6   6   1  20.698   1.700
   7   6   1  110.69    4.80
   8   6   1  19.098   1.800
  -5   7   1  9.1991  1.0999
  -4   7   1  15.298   1.300
  -2   7   1  6.7993  1.4999
  -1   7   1  44.396   2.100
   0   7   1  14.799   1.600
   1   7   1  42.396   2.000
   2   7   1  27.897   1.700
   3   7   1  1.3999  1.1999
   4   7   1  330.47   12.20
   5   7   1  93.291   4.400
   6   7   1  1.1999  1.3999
   7   7   1  2.5997  1.4999
  -4   8   1  27.497   1.300
  -3   8   1  50.495   2.500
  -2   8   1  32.897   1.900
  -1   8   1  90.091   4.300
   0   8   1  259.47   11.60
   1   8   1  21.298   1.900
   2   8   1  37.496   2.000
   3   8   1  109.89    4.80
   4   8   1  169.18    6.70
   5   8   1  1.1999  1.3999
   6   8   1  0.7999  1.3999
   7   8   1  105.09    5.20
   8   8   1  29.297   1.600
   9   8   1 -0.7999  0.8999
  10   8   1  0.0000  0.5000
  -3   9   1  8.5991  0.8999
  -2   9   1  4.5995  1.0999
  -1   9   1  23.098   1.700
   0   9   1  168.18    6.70
   1   9   1  236.88   10.80
   2   9   1  170.58    6.70
   3   9   1  91.691   3.800
   4   9   1  168.08    6.80
   5   9   1  369.76   13.90
   6   9   1  45.595   2.200
   7   9   1  12.099   1.200
   8   9   1  48.395   2.400
   9   9   1  56.494   2.400
  -1  10   1  1.2999  0.8999
   0  10   1  5.8994  1.1999
   1  10   1  23.798   1.600
   2  10   1  4.8995  1.3999
   3  10   1  13.699   1.500
   4  10   1  94.491   4.000
   5  10   1  3.0997  1.1999
   6  10   1  3.6996  0.8999
   7  10   1  18.098   1.200
   8  10   1  14.599   1.000
   0  11   1  14.699   0.900
   1  11   1  11.399   1.000
   2  11   1  1.8998  1.0999
   3  11   1  37.296   1.800
   4  11   1  5.8994  1.0999
   5  11   1  29.197   1.500
   6  11   1  2.4997  0.7999
   7  11   1  1.4999  0.5999
  -4 -11   2  0.5000  0.5999
  -3 -11   2  2.4997  0.6999
  -2 -11   2  5.8994  0.7999
  -1 -11   2  0.7999  0.6999
  -6 -10   2  39.796   1.800
  -5 -10   2  22.498   1.200
  -4 -10   2  207.88    8.70
  -3 -10   2  14.399   1.200
  -2 -10   2  2.6997  1.1999
  -1 -10   2  38.296   1.800
   0 -10   2  40.996   2.000
   1 -10   2  15.698   1.100
   2 -10   2  7.4992  0.7999
  -7  -9   2  8.9991  0.8999
  -6  -9   2  47.495   2.300
  -5  -9   2  32.197   1.500
  -4  -9   2  3.2997  1.0999
  -3  -9   2  3.2997  1.1999
  -2  -9   2  4.7995  1.1999
  -1  -9   2  16.998   1.600
   0  -9   2  8.6991  1.2999
   1  -9   2  13.899   1.400
   2  -9   2  5.9994  1.1999
   3  -9   2  2.4997  0.9999
  -8  -8   2  57.794   2.900
  -7  -8   2  141.09    5.20
  -6  -8   2  8.5991  0.9999
  -5  -8   2  7.2993  1.2999
  -4  -8   2  129.29    6.20
  -3  -8   2  119.09    5.00
  -2  -8   2  14.699   1.800
  -1  -8   2  5.3995  1.3999
   0  -8   2  22.798   1.900
   1  -8   2  2.0998  1.3999
   2  -8   2  8.9991  1.4999
   3  -8   2  23.098   1.600
   4  -8   2  26.297   1.500
   5  -8   2  5.3995  0.7999
  -8  -7   2  3.3997  0.9999
  -7  -7   2  2.8997  0.9999
  -6  -7   2  8.2992  1.2999
  -5  -7   2  55.994   2.700
  -4  -7   2  1.3999  1.3999
  -3  -7   2  17.198   1.700
  -2  -7   2  0.0000  1.3999
  -1  -7   2  23.298   1.800
   0  -7   2  1.1999  1.3999
   1  -7   2  97.190   4.500
   2  -7   2  54.395   2.600
   3  -7   2  78.892   3.700
   4  -7   2  31.297   1.800
   5  -7   2  32.597   1.700
   6  -7   2  4.5995  0.7999
  -9  -6   2  1.2999  0.6999
  -6  -6   2  0.3000  1.3999
  -5  -6   2  1.4999  1.3999
  -4  -6   2  14.998   1.600
  -3  -6   2  92.391   4.100
  -2  -6   2  10.699   1.400
  -1  -6   2  45.295   2.200
   0  -6   2  37.196   1.900
   1  -6   2  1.5998  1.3999
   2  -6   2  82.392   3.700
   3  -6   2  1.8998  1.3999
   4  -6   2  77.592   3.600
   7  -6   2  16.098   1.100
  -6  -5   2  3.3997  1.3999
  -5  -5   2  26.497   1.900
  -4  -5   2  33.297   1.800
  -3  -5   2  3.4997  1.1999
  -2  -5   2  4.0996  1.1999
  -1  -5   2  279.17    9.70
   0  -5   2 1188.58   19.80
   1  -5   2  121.89    5.00
   2  -5   2  8.3992  1.3999
   3  -5   2  90.691   4.000
   4  -5   2  540.85   16.30
   5  -5   2  42.296   2.100
  -7  -4   2  208.08    7.60
  -6  -4   2  1.9998  1.3999
  -5  -4   2  12.499   1.500
  -4  -4   2  65.493   3.000
  -3  -4   2  20.898   1.500
  -2  -4   2  2.7997  1.1999
  -1  -4   2  6.7993  1.1999
   0  -4   2  658.53   13.00
   1  -4   2 1529.85   20.90
   2  -4   2  24.997   1.400
   3  -4   2  19.898   1.500
   4  -4   2  348.77   12.60
   5  -4   2  918.91   21.20
   6  -4   2  23.198   1.800
  -7  -3   2  225.48   11.00
  -6  -3   2  28.397   2.000
  -5  -3   2  50.495   2.400
  -4  -3   2  65.193   2.900
  -3  -3   2  260.77    8.90
  -2  -3   2  25.997   1.300
  -1  -3   2  -1.600   1.000
   0  -3   2  511.65   10.20
   1  -3   2  352.76    8.70
   2  -3   2  39.496   1.900
   3  -3   2  53.095   2.400
   4  -3   2  138.99    5.50
   5  -3   2  7.0993  1.3999
   6  -3   2  6.3994  1.4999
   7  -3   2  1.4999  1.2999
  -7  -2   2  173.08    7.00
  -6  -2   2  29.497   2.000
  -5  -2   2  180.48    6.60
  -4  -2   2  100.69    4.70
  -3  -2   2  63.994   2.900
  -2  -2   2  59.994   2.500
  -1  -2   2  30.797   1.500
   0  -2   2  201.28    5.80
   1  -2   2  614.94   10.00
   2  -2   2  106.29    5.20
   3  -2   2  23.798   1.300
   4  -2   2  61.994   3.100
   5  -2   2  230.58    9.60
   6  -2   2  11.699   1.600
   7  -2   2  62.694   3.100
   8  -2   2  4.8995  1.2999
  -7  -1   2  112.76    3.32
  -6  -1   2  215.42    6.29
  -5  -1   2  89.167   2.792
  -4  -1   2  37.638   1.236
  -3  -1   2  125.86    3.55
  -2  -1   2  6.9259  0.7399
  -1  -1   2  84.645   2.192
   0  -1   2  103.25    2.97
   1  -1   2 3052.48   15.80
   2  -1   2  7.4764  0.7070
   3  -1   2  218.35    4.81
   4  -1   2  101.18    2.90
   5  -1   2  132.21    3.54
   6  -1   2  136.40    4.10
   7  -1   2  46.927   1.590
   8  -1   2  20.084   1.152
   9  -1   2  2.4498  0.8484
  -7   0   2  31.265   1.273
  -6   0   2  83.592   2.616
  -5   0   2  5.3070  0.9899
  -4   0   2  35.130   1.236
  -3   0   2  114.71    3.04
  -2   0   2  21.075   0.848
  -1   0   2  79.119   2.085
   0   0   2  111.04    2.83
   1   0   2  96.836   2.580
   2   0   2  0.8499  0.6363
   3   0   2  11.654   0.778
   4   0   2  454.41    7.10
   5   0   2  40.749   1.343
   6   0   2  9.6766  0.9191
   7   0   2  235.55    7.63
   8   0   2  55.723   1.822
  -7   1   2  7.4026  0.9525
  -6   1   2  10.289   1.094
  -5   1   2  37.380   1.377
  -4   1   2  11.407   1.061
  -3   1   2  1.2856  0.7399
  -2   1   2  25.552   0.919
  -1   1   2  549.21    6.65
   0   1   2  37.312   1.196
   1   1   2  730.97    6.12
   2   1   2  91.770   2.687
   3   1   2  423.43    5.73
   4   1   2  219.23    4.95
   5   1   2  84.354   2.687
   6   1   2  204.22    6.26
   7   1   2  300.69    8.38
   8   1   2  25.728   1.295
  -6   2   2  2.5997  1.3999
  -5   2   2  4.0996  1.4999
  -4   2   2  0.2000  1.2999
  -3   2   2  49.195   2.300
  -2   2   2  510.85   11.40
  -1   2   2  531.05   10.20
   0   2   2  61.994   2.700
   1   2   2  532.55    8.20
   2   2   2 3581.44   25.40
   3   2   2 4350.96   31.10
   4   2   2  502.35   10.20
   5   2   2  43.896   2.100
   6   2   2  269.17    9.70
   7   2   2 1374.16   24.80
   8   2   2  1.8998  1.3999
   9   2   2  19.298   1.500
  -5   3   2 -0.7999  1.3999
  -4   3   2  14.099   1.600
  -3   3   2  19.498   1.500
  -2   3   2  335.87   10.20
  -1   3   2  89.191   3.800
   0   3   2  14.699   1.100
   1   3   2 1064.79   13.50
   2   3   2  387.36    8.00
   3   3   2 4943.51   35.70
   4   3   2  907.01   14.30
   5   3   2  3.9996  1.0999
   6   3   2  84.192   3.500
   7   3   2 1152.08   22.70
   8   3   2  63.094   3.000
   9   3   2  17.598   1.500
  10   3   2  3.3997  1.1999
  -5   4   2  34.996   2.000
  -4   4   2  8.5991  1.4999
  -3   4   2  266.37   11.20
  -2   4   2  4.1996  1.2999
  -1   4   2  132.49    4.70
   0   4   2  85.191   3.800
   1   4   2  567.24   11.00
   2   4   2  74.593   3.200
   3   4   2  785.02   13.20
   4   4   2  290.47    8.60
   5   4   2  12.099   1.200
   6   4   2  22.298   1.500
   7   4   2  636.44   17.00
   8   4   2  2.2998  1.4999
   9   4   2  70.893   3.400
  10   4   2  14.099   1.300
  -4   5   2  1.4999  1.3999
  -3   5   2  12.499   1.600
  -2   5   2  7.0993  1.4999
  -1   5   2  15.698   1.400
   0   5   2  203.68    8.30
   1   5   2  0.4000  1.0999
   2   5   2  192.68    7.50
   3   5   2  115.59    4.40
   4   5   2  699.03   14.50
   5   5   2  1.1999  1.1999
   6   5   2  174.38    8.50
   7   5   2  56.994   2.700
   8   5   2  14.499   1.600
   9   5   2  6.0994  1.1999
  -3   6   2  2.5997  1.4999
  -2   6   2  4.3996  1.5998
  -1   6   2  154.48    6.30
   0   6   2  4.0996  1.2999
   1   6   2  17.598   1.500
   2   6   2  8.0992  1.2999
   3   6   2  334.87   10.80
   4   6   2  195.38    8.90
   5   6   2  114.79    5.10
   6   6   2  4.4995  1.2999
   7   6   2  331.97   12.90
   8   6   2  115.59    5.70
  -5   7   2  17.898   1.200
  -4   7   2  0.8999  0.9999
  -3   7   2  3.6996  1.2999
  -2   7   2  52.195   2.400
  -1   7   2  1.6998  1.2999
   0   7   2  75.292   3.400
   1   7   2  19.398   1.600
   2   7   2  2.3998  1.3999
   3   7   2  4.0996  1.3999
   4   7   2  190.18    6.90
   5   7   2  104.59    5.00
   6   7   2  9.9990  1.5998
   7   7   2  10.999   1.700
   8   7   2  19.198   1.700
  -4   8   2 -0.3000  0.6999
  -3   8   2  2.7997  0.9999
  -2   8   2  12.799   1.500
  -1   8   2  39.596   2.100
   0   8   2 -0.2000  1.3999
   1   8   2  63.694   3.100
   2   8   2  36.896   2.000
   3   8   2  45.195   2.300
   4   8   2  199.38    7.20
   5   8   2 -0.2000  0.2000
   6   8   2 -0.9999  0.9999
   7   8   2 -0.4000  0.7999
  10   8   2  -1.700   0.900
  -3   9   2  0.5999  0.6999
  -2   9   2  2.2998  1.0999
  -1   9   2  30.297   1.900
   0   9   2  3.6996  1.2999
   1   9   2  15.198   1.700
   2   9   2  77.392   3.700
   3   9   2  8.3992  1.4999
   4   9   2  27.897   1.900
   5   9   2  95.890   4.500
   6   9   2  119.39    5.80
   7   9   2  8.8991  0.9999
   8   9   2  3.1997  1.0999
   9   9   2  29.997   1.400
  -1  10   2  66.893   2.800
   0  10   2  131.39    5.40
   1  10   2  20.098   1.500
   2  10   2  16.298   1.500
   3  10   2  12.199   1.600
   4  10   2  280.37   11.70
   5  10   2  8.6991  1.2999
   6  10   2  -1.700   1.000
   7  10   2  14.799   1.200
   8  10   2  3.1997  0.7999
   9  10   2  5.0995  0.5999
   1  11   2  10.199   1.000
   2  11   2  39.696   1.900
   3  11   2  29.197   1.500
   4  11   2  74.793   3.300
   5  11   2  8.6991  1.0999
   6  11   2  12.999   1.100
   7  11   2  7.2993  0.8999
  -5 -10   3  22.698   1.100
  -4 -10   3  12.399   1.000
  -3 -10   3  28.997   1.400
  -2 -10   3  6.5993  0.9999
  -1 -10   3  53.395   2.300
   0 -10   3  2.4997  0.8999
   1 -10   3  1.5998  0.6999
  -6  -9   3  18.598   1.000
  -5  -9   3  19.298   1.200
  -4  -9   3  -2.400   1.000
  -3  -9   3  104.99    5.00
  -2  -9   3  55.294   2.800
  -1  -9   3  2.9997  1.3999
   0  -9   3  4.1996  1.2999
   1  -9   3  0.7999  1.0999
   2  -9   3  6.0994  1.0999
   3  -9   3  151.58    6.50
  -7  -8   3  23.998   1.100
  -6  -8   3  -1.300   0.900
  -5  -8   3  21.898   1.400
  -4  -8   3  14.499   1.400
  -3  -8   3  0.7999  1.0999
  -2  -8   3  52.195   2.500
  -1  -8   3  1.7998  1.2999
   0  -8   3  -1.200   1.400
   1  -8   3  7.0993  1.3999
   2  -8   3  0.1000  1.2999
   3  -8   3  3.5996  1.2999
   4  -8   3  12.399   1.200
  -7  -7   3  16.198   1.100
  -6  -7   3  34.597   1.900
  -5  -7   3  30.997   1.900
  -4  -7   3  106.59    4.90
  -3  -7   3  3.7996  1.5998
  -2  -7   3  7.7992  1.5998
  -1  -7   3  59.694   2.800
   0  -7   3  100.69    4.50
   1  -7   3  0.8999  1.5998
   2  -7   3  1.0999  1.3999
   3  -7   3  168.88    6.90
   4  -7   3  107.99    5.10
   5  -7   3  2.5997  1.0999
   6  -7   3 -0.1000  0.6999
  -8  -6   3  34.697   1.700
  -7  -6   3  52.695   2.500
  -5  -6   3  2.3998  1.2999
  -4  -6   3  3.0997  1.3999
  -3  -6   3  124.89    6.20
  -2  -6   3  7.9992  1.5998
  -1  -6   3  11.699   1.500
   0  -6   3  8.0992  1.4999
   1  -6   3  4.4995  1.3999
   2  -6   3  6.2994  1.5998
   3  -6   3  11.199   1.600
   4  -6   3  2.4997  1.2999
   6  -6   3  43.296   2.200
   7  -6   3  18.098   1.000
  -8  -5   3  55.594   2.500
  -6  -5   3  30.797   1.900
  -5  -5   3  -3.300   1.400
  -4  -5   3  12.899   1.700
  -3  -5   3  8.1992  1.3999
  -2  -5   3  19.698   1.600
  -1  -5   3  7.5992  1.2999
   0  -5   3  17.098   1.500
   1  -5   3  71.293   3.500
   2  -5   3  7.0993  1.3999
   3  -5   3  13.299   1.600
   4  -5   3  4.9995  1.3999
   5  -5   3  139.39    6.40
  -6  -4   3  61.294   2.900
  -5  -4   3  14.099   1.700
  -4  -4   3  0.5999  1.2999
  -3  -4   3  213.18    9.10
  -2  -4   3  23.698   1.500
  -1  -4   3  9.2991  1.2999
   0  -4   3  354.16   10.40
   1  -4   3  207.78    8.30
   2  -4   3  20.998   1.500
   3  -4   3  188.98    8.80
   4  -4   3  530.95   15.40
   5  -4   3  146.39    6.40
   6  -4   3  1.5998  1.3999
  -6  -3   3  49.195   2.400
  -5  -3   3  21.598   1.800
  -4  -3   3  65.293   2.900
  -3  -3   3  27.497   1.600
  -2  -3   3  0.9999  1.0999
  -1  -3   3  92.191   4.000
   0  -3   3  281.37    8.70
   1  -3   3  85.691   3.700
   2  -3   3  247.58    8.50
   3  -3   3  85.091   4.100
   4  -3   3  116.99    5.10
   5  -3   3  5.9994  1.4999
   6  -3   3  2.1998  1.3999
   7  -3   3  138.19    6.30
  -6  -2   3  150.18    6.70
  -5  -2   3  45.795   2.200
  -4  -2   3  241.98   10.30
  -3  -2   3  32.997   1.700
  -2  -2   3  33.097   1.600
  -1  -2   3  491.35   10.40
   0  -2   3  66.193   3.100
   1  -2   3  241.58    7.10
   2  -2   3  245.18    7.40
   3  -2   3  114.09    5.70
   4  -2   3  3.2997  1.0999
   5  -2   3  7.5992  1.3999
   6  -2   3  11.799   1.500
   7  -2   3  21.498   1.700
   8  -2   3  43.896   2.100
  -6  -1   3  334.69    9.43
  -5  -1   3  126.49    4.14
  -4  -1   3  70.151   2.304
  -3  -1   3  11.466   0.882
  -2  -1   3  209.84    5.37
  -1  -1   3  166.53    4.49
   0  -1   3  22.721   0.867
   1  -1   3  227.43    4.45
   2  -1   3  118.01    3.71
   3  -1   3  137.99    4.17
   4  -1   3  41.091   1.377
   5  -1   3  47.796   1.626
   6  -1   3  2.7664  0.9525
   7  -1   3  616.60   12.45
   8  -1   3  18.276   1.152
   9  -1   3  3.9112  0.8484
  -6   0   3 -0.7999  0.9899
  -5   0   3  90.452   3.070
  -4   0   3  49.130   1.626
  -3   0   3  29.502   1.131
  -2   0   3  42.906   1.377
  -1   0   3  263.72    5.20
   0   0   3  1.9498  0.7070
   1   0   3  586.77    6.61
   2   0   3  2.2998  0.7070
   3   0   3  238.68    4.91
   4   0   3  13.004   0.931
   5   0   3  18.079   0.990
   6   0   3  17.999   1.061
   7   0   3  30.740   1.307
   8   0   3  20.210   1.196
   9   0   3  1.6453  0.7399
  -5   1   3 -0.9999  1.0606
  -4   1   3  6.5871  1.0234
  -3   1   3  210.63    6.47
  -2   1   3  38.630   1.307
  -1   1   3  1.9903  0.7399
   0   1   3  249.33    4.81
   1   1   3  57.931   1.943
   2   1   3  217.18    4.17
   3   1   3  548.79    6.96
   4   1   3  486.89    7.28
   5   1   3 -0.0286  0.8984
   6   1   3  110.86    3.36
   7   1   3  935.73   14.64
   8   1   3  37.339   1.377
   9   1   3  63.494   2.050
  -5   2   3  14.199   1.700
  -4   2   3  78.392   3.600
  -3   2   3  1.1999  1.2999
  -2   2   3  66.093   3.100
  -1   2   3  40.196   1.900
   0   2   3  8.3992  1.0999
   1   2   3  84.892   3.200
   2   2   3  131.39    5.30
   3   2   3 1689.73   18.00
   4   2   3  890.71   13.90
   5   2   3  182.88    7.40
   6   2   3  111.19    4.60
   7   2   3  241.38   10.40
   8   2   3  15.598   1.500
   9   2   3  -1.600   1.300
  -5   3   3 -0.4000  1.3999
  -4   3   3  58.294   2.700
  -3   3   3  65.693   2.900
  -2   3   3  218.78    9.50
  -1   3   3  12.699   1.300
   0   3   3  69.793   3.400
   1   3   3  632.74   11.30
   2   3   3 2022.50   20.60
   3   3   3  1.5998  0.9999
   4   3   3 1900.21   21.60
   5   3   3  91.991   3.900
   6   3   3  442.56   12.40
   7   3   3  213.58    9.40
   8   3   3  83.792   4.100
   9   3   3  323.67   12.90
  10   3   3  1.7998  1.0999
  -4   4   3  24.398   1.800
  -3   4   3  62.294   3.000
  -2   4   3  3.0997  1.2999
  -1   4   3  16.698   1.400
   0   4   3  399.46   10.90
   1   4   3  196.88    7.20
   2   4   3  129.29    5.80
   3   4   3  3.9996  1.0999
   4   4   3 1656.33   21.30
   5   4   3  223.38    8.90
   6   4   3  141.19    5.50
   7   4   3  22.198   1.700
   8   4   3 -0.9999  1.3999
   9   4   3  18.598   1.700
  10   4   3  1.0999  1.0999
  -6   5   3  5.2995  0.8999
  -3   5   3  51.495   2.400
  -2   5   3  74.193   3.500
  -1   5   3  23.398   1.700
   0   5   3  28.297   1.600
   1   5   3  109.99    4.60
   2   5   3  10.699   1.200
   3   5   3  25.097   1.400
   4   5   3 1041.20   17.90
   5   5   3  679.33   15.40
   6   5   3  348.77   11.90
   7   5   3  234.78   10.70
   8   5   3  374.66   14.20
   9   5   3  301.17   12.60
  -5   6   3  14.899   1.200
  -2   6   3  167.08    7.10
  -1   6   3  5.9994  1.4999
   0   6   3  1.8998  1.2999
   1   6   3  55.094   2.600
   2   6   3  127.59    5.20
   3   6   3  16.298   1.400
   4   6   3  2.1998  1.1999
   5   6   3  53.995   2.600
   6   6   3  49.495   2.300
   7   6   3  1.6998  1.3999
   8   6   3  15.498   1.700
  -4   7   3  -1.200   0.900
  -3   7   3  10.799   1.300
  -2   7   3  43.996   2.100
  -1   7   3  13.499   1.600
   0   7   3  36.396   1.900
   1   7   3  35.696   1.900
   2   7   3  0.3000  1.2999
   3   7   3  24.698   1.700
   4   7   3  975.30   20.20
   5   7   3  103.69    4.30
   6   7   3  39.496   2.000
   7   7   3 -0.5000  1.4999
   8   7   3  184.18    7.40
  11   7   3  7.6992  0.7999
  -3   8   3  0.8999  0.8999
  -2   8   3  47.895   2.300
  -1   8   3  48.495   2.400
   0   8   3  28.997   1.800
   1   8   3  5.4995  1.2999
   2   8   3  67.993   3.100
   3   8   3  35.996   2.000
   4   8   3  7.5992  1.4999
   5   8   3  30.597   1.900
   6   8   3  7.3993  1.3999
   7   8   3  2.4997  1.1999
  10   8   3  1.7998  0.7999
  -2   9   3  3.6996  0.8999
  -1   9   3  1.5998  0.9999
   0   9   3  11.199   1.400
   1   9   3  91.391   4.400
   2   9   3  7.5992  1.4999
   3   9   3  11.199   1.500
   4   9   3  146.49    6.70
   5   9   3  178.28    7.20
   6   9   3  8.0992  1.3999
   7   9   3  11.699   1.200
   8   9   3  8.5991  1.2999
   9   9   3  2.1998  0.9999
  10   9   3  0.4000  0.5999
  -1  10   3  35.996   1.700
   0  10   3  40.596   2.000
   1  10   3  9.2991  1.2999
   2  10   3  30.997   1.800
   3  10   3  69.493   3.400
   4  10   3  63.694   2.900
   5  10   3  6.5993  1.1999
   6  10   3  12.099   1.200
   7  10   3  0.9999  0.9999
   8  10   3  22.898   1.200
   9  10   3  19.998   1.000
   1  11   3  95.590   3.800
   2  11   3  30.497   1.500
   3  11   3  44.995   2.200
   4  11   3  16.798   1.200
   5  11   3  14.699   1.200
   6  11   3  5.0995  0.8999
   7  11   3  82.792   3.600
   8  11   3  47.195   2.100
  -3 -10   4  5.0995  0.7999
  -2 -10   4  66.993   3.100
  -1 -10   4  0.4000  0.7999
   0 -10   4  0.3000  0.7999
  -5  -9   4 -0.1000  0.6999
  -4  -9   4  28.097   1.300
  -3  -9   4  14.799   1.200
  -2  -9   4  13.099   1.300
  -1  -9   4  31.497   1.600
   0  -9   4 -0.3000  1.1999
   1  -9   4  0.8999  0.9999
   2  -9   4  30.497   1.500
   3  -9   4  13.799   0.900
  -6  -8   4  23.798   1.100
  -5  -8   4  42.496   2.000
  -4  -8   4  60.494   2.800
  -3  -8   4  65.693   3.100
  -2  -8   4  6.9993  1.1999
  -1  -8   4  4.4995  1.2999
   0  -8   4  14.099   1.500
   1  -8   4  23.998   1.600
   2  -8   4  13.599   1.500
   3  -8   4  51.895   2.600
   4  -8   4  4.8995  0.8999
  -7  -7   4  32.997   1.500
  -6  -7   4  91.691   4.000
  -5  -7   4  2.4997  0.9999
  -4  -7   4  8.2992  1.2999
  -3  -7   4  261.97   12.00
  -2  -7   4  163.78    6.90
  -1  -7   4  115.29    4.90
   0  -7   4  21.698   1.800
   1  -7   4  74.993   3.500
   2  -7   4  53.995   2.500
   3  -7   4  49.595   2.400
   4  -7   4  5.1995  1.2999
   5  -7   4  17.198   1.300
   6  -7   4  3.9996  0.7999
  -7  -6   4  43.096   2.200
  -6  -6   4 -0.7999  1.0999
  -5  -6   4  2.7997  1.2999
  -4  -6   4  6.1994  1.6998
  -3  -6   4  0.6999  1.2999
  -2  -6   4  31.097   1.900
  -1  -6   4  38.896   2.000
   0  -6   4  315.47   13.00
   1  -6   4  40.396   2.100
   2  -6   4  14.499   1.700
   3  -6   4  31.797   1.900
   4  -6   4  19.798   1.500
   5  -6   4  0.5999  0.9999
   6  -6   4  3.3997  0.9999
   7  -6   4  0.2000  0.7999
  -7  -5   4  5.5994  1.0999
  -6  -5   4  205.08    6.90
  -5  -5   4  70.393   3.400
  -4  -5   4  94.191   4.200
  -3  -5   4  87.391   4.200
  -2  -5   4  200.88    7.20
  -1  -5   4  331.67   12.20
   0  -5   4  47.795   2.300
   1  -5   4  50.795   2.400
   2  -5   4  3.4997  1.3999
   3  -5   4  3.8996  1.3999
   4  -5   4  70.293   3.200
   5  -5   4  4.5995  1.3999
  -5  -4   4  2.2998  1.2999
  -4  -4   4  40.896   2.100
  -3  -4   4  -2.200   1.400
  -2  -4   4  23.398   1.600
  -1  -4   4  8.3992  1.3999
   0  -4   4  472.15   13.20
   1  -4   4 -0.7999  1.1999
   2  -4   4 -0.4000  1.1999
   3  -4   4  53.495   2.700
   4  -4   4  133.99    6.20
   5  -4   4  20.898   1.700
   6  -4   4  12.299   1.600
  -8  -3   4 -0.1000  0.6999
  -5  -3   4  42.896   2.100
  -4  -3   4  283.47   11.60
  -3  -3   4  0.5000  1.2999
  -2  -3   4  204.18    8.80
  -1  -3   4  246.68    9.10
   0  -3   4  252.87    8.90
   1  -3   4  241.88    8.50
   2  -3   4  183.38    8.00
   3  -3   4  101.29    4.70
   4  -3   4  -1.700   1.300
   5  -3   4  1.9998  1.2999
   6  -3   4  12.399   1.500
  -5  -2   4  24.398   1.900
  -4  -2   4  153.18    6.40
  -3  -2   4  35.196   1.700
  -2  -2   4  5.7994  1.2999
  -1  -2   4  50.195   2.400
   0  -2   4 1326.77   19.00
   1  -2   4  0.0000  1.0999
   2  -2   4  24.398   1.400
   3  -2   4  310.17    9.90
   4  -2   4  26.097   1.600
   5  -2   4  3.4997  1.2999
   6  -2   4  51.395   2.500
   7  -2   4  724.83   18.80
   8  -2   4  240.78   10.60
  -5  -1   4  127.55    3.96
  -4  -1   4  39.247   1.414
  -3  -1   4  128.26    3.85
  -2  -1   4  1.4499  0.8484
  -1  -1   4  463.98    7.99
   0  -1   4  5.1309  0.7777
   1  -1   4  5.0631  0.7777
   2  -1   4  134.50    4.31
   3  -1   4  123.87    4.31
   4  -1   4  97.941   3.040
   5  -1   4  52.317   1.834
   6  -1   4  95.088   3.273
   7  -1   4  4.8337  1.0234
   8  -1   4  6.7430  1.0088
   9  -1   4  19.157   1.094
  -5   0   4  0.4000  0.9899
  -4   0   4  522.49   11.33
  -3   0   4  279.47    7.67
  -2   0   4  473.43    8.91
  -1   0   4  148.33    4.70
   0   0   4 4456.00   25.49
   1   0   4  543.44    7.46
   2   0   4  763.53    8.84
   3   0   4  24.550   0.919
   4   0   4  99.717   2.899
   5   0   4  0.4500  0.7777
   6   0   4  125.88    3.96
   7   0   4  134.37    4.31
   8   0   4  328.08    9.19
   9   0   4  10.316   1.023
  -5   1   4  33.095   1.414
  -4   1   4  93.923   3.075
  -3   1   4  1.0555  0.9525
  -2   1   4  375.67    8.08
  -1   1   4  15.684   0.919
   0   1   4  160.12    4.63
   1   1   4  31.253   1.061
   2   1   4  58.271   1.768
   3   1   4  28.017   0.953
   4   1   4  10.427   0.848
   5   1   4  22.079   0.953
   6   1   4  29.871   1.131
   7   1   4  66.379   2.297
   8   1   4  119.87    3.73
   9   1   4  14.524   1.055
  10   1   4  0.1500  0.7777
  -7   2   4  74.693   3.100
  -4   2   4  268.47   12.00
  -3   2   4 1465.55   26.00
  -2   2   4  11.299   1.400
  -1   2   4  36.796   1.800
   0   2   4  336.57    9.30
   1   2   4 1095.99   15.70
   2   2   4  29.497   1.400
   3   2   4  69.693   3.400
   4   2   4 1509.45   19.50
   5   2   4  4.9995  1.1999
   6   2   4  8.1992  1.3999
   7   2   4  0.5999  1.2999
   8   2   4  368.76   13.80
   9   2   4  18.098   1.600
  10   2   4 -0.2000  1.1999
  -4   3   4  22.098   1.700
  -3   3   4  11.099   1.500
  -2   3   4  5.0995  1.3999
  -1   3   4  13.899   1.500
   0   3   4  339.57   10.00
   1   3   4  143.69    6.60
   2   3   4  14.299   1.200
   3   3   4  82.392   3.500
   4   3   4  3.2997  1.0999
   5   3   4  2.9997  1.1999
   6   3   4  1.7998  1.1999
   7   3   4  48.995   2.400
   8   3   4  489.65   15.40
   9   3   4 -0.1000  1.2999
  10   3   4  26.397   1.600
  -6   4   4  7.8992  0.8999
  -3   4   4  357.56   13.90
  -2   4   4  2.7997  1.3999
  -1   4   4  73.493   3.700
   0   4   4  2.9997  1.1999
   1   4   4  49.895   2.400
   2   4   4  6.2994  1.1999
   3   4   4  231.28    8.40
   4   4   4  356.26   10.20
   5   4   4  35.896   1.700
   6   4   4  588.14   14.90
   7   4   4  0.0000  1.3999
   8   4   4  127.19    6.10
   9   4   4  40.496   2.100
  10   4   4  44.196   2.100
  -5   5   4  3.4997  0.7999
  -3   5   4  3.8996  1.4999
  -2   5   4  2.6997  1.4999
  -1   5   4  15.398   1.600
   0   5   4  4.0996  1.2999
   1   5   4  11.999   1.300
   2   5   4  5.7994  1.1999
   3   5   4  7.9992  1.1999
   4   5   4  483.25   12.60
   5   5   4 1042.50   19.30
   6   5   4  258.57   10.50
   7   5   4  104.29    5.10
   8   5   4  359.16   13.20
   9   5   4  139.19    6.40
  -4   6   4  6.7993  1.1999
  -3   6   4  25.197   1.600
  -2   6   4  12.699   1.600
  -1   6   4  64.494   2.900
   0   6   4  29.897   1.800
   1   6   4  111.39    5.50
   2   6   4  2.3998  1.2999
   3   6   4  11.199   1.400
   4   6   4  613.94   15.50
   5   6   4  509.35   14.60
   6   6   4  105.39    5.20
   7   6   4  0.7999  1.3999
   8   6   4  95.090   4.400
  -4   7   4  13.699   1.100
  -3   7   4  1.6998  0.9999
  -2   7   4  0.4000  1.1999
  -1   7   4  2.8997  1.4999
   0   7   4  29.197   2.000
   1   7   4  4.4995  1.3999
   2   7   4  35.796   2.000
   3   7   4  79.892   3.400
   4   7   4  37.996   2.000
   5   7   4  174.68    6.60
   6   7   4  39.096   2.000
   7   7   4  105.99    4.80
   8   7   4  3.9996  1.3999
  -3   8   4  32.297   1.600
  -2   8   4  1.8998  1.0999
  -1   8   4  113.19    4.80
   0   8   4  47.995   2.300
   1   8   4  21.698   1.800
   2   8   4  18.798   1.700
   3   8   4  29.297   1.900
   4   8   4  0.3000  1.3999
   5   8   4  91.191   4.300
   6   8   4  58.394   2.900
   7   8   4  12.099   1.700
  10   8   4  30.297   1.500
  -2   9   4  0.4000  0.6999
  -1   9   4  8.3992  1.0999
   0   9   4 -0.1000  1.1999
   1   9   4  20.298   1.600
   2   9   4  74.893   3.400
   3   9   4 -0.1000  1.2999
   4   9   4  0.8999  1.3999
   5   9   4  151.88    6.40
   6   9   4  20.298   1.800
   7   9   4  0.5999  0.9999
   8   9   4  0.0000  0.6999
   9   9   4  38.096   1.800
  10   9   4  14.299   0.900
   0  10   4  1.8998  0.7999
   1  10   4  32.997   1.500
   2  10   4  6.0994  1.2999
   3  10   4  0.4000  1.1999
   4  10   4  0.8999  1.1999
   5  10   4  11.099   1.300
   6  10   4  78.092   3.600
   7  10   4  2.7997  0.7999
   8  10   4  4.7995  0.9999
   9  10   4  1.5998  0.7999
   2  11   4  8.8991  0.9999
   3  11   4  6.4993  1.0999
   4  11   4  4.8995  0.8999
   5  11   4  44.696   2.200
   6  11   4  20.398   1.300
   7  11   4  3.0997  0.7999
   8  11   4  18.698   1.000
  -3  -9   5  37.096   1.700
  -2  -9   5  3.9996  0.7999
  -1  -9   5  0.5000  0.7999
   0  -9   5 -0.2000  0.8999
   1  -9   5  35.696   1.700
   2  -9   5  2.1998  0.7999
  -5  -8   5  0.6999  0.6999
  -4  -8   5  0.4000  0.7999
  -3  -8   5  0.8999  0.8999
  -2  -8   5  13.599   1.400
  -1  -8   5  10.599   1.300
   0  -8   5  7.8992  1.2999
   1  -8   5  47.195   2.300
   2  -8   5  14.998   1.400
   3  -8   5  0.4000  0.8999
   4  -8   5  27.697   1.300
  -6  -7   5  0.0000  0.5999
  -5  -7   5  1.5998  0.7999
  -4  -7   5  48.295   2.200
  -3  -7   5  19.198   1.500
  -2  -7   5  14.799   1.400
  -1  -7   5  13.399   1.500
   0  -7   5  303.17   12.40
   1  -7   5  8.2992  1.4999
   2  -7   5  15.498   1.600
   3  -7   5  20.398   1.600
   4  -7   5  23.498   1.400
   5  -7   5  1.5998  0.8999
  -6  -6   5  24.398   1.200
  -5  -6   5  35.896   1.800
  -4  -6   5  37.296   1.900
  -3  -6   5  0.1000  1.0999
  -2  -6   5  73.293   3.600
  -1  -6   5  55.694   2.600
   0  -6   5  55.394   2.800
   1  -6   5  3.0997  1.4999
   2  -6   5  0.4000  1.3999
   3  -6   5  3.7996  1.2999
   4  -6   5  6.3994  1.3999
   5  -6   5  0.4000  1.2999
   6  -6   5  5.0995  0.9999
  -6  -5   5  42.396   1.900
  -5  -5   5  156.48    6.30
  -4  -5   5  8.2992  1.4999
  -3  -5   5  59.794   2.800
  -2  -5   5  133.99    6.10
  -1  -5   5  338.47   13.00
   0  -5   5  132.79    6.20
   1  -5   5  10.599   1.500
   2  -5   5 -0.6999  1.4999
   3  -5   5  4.2996  1.4999
   4  -5   5  12.099   1.700
   7  -5   5  3.8996  0.8999
  -7  -4   5 -0.7999  0.5000
  -6  -4   5  20.698   1.400
  -5  -4   5  6.5993  1.2999
  -4  -4   5  12.199   1.500
  -3  -4   5  13.299   1.500
  -2  -4   5  19.998   1.600
  -1  -4   5  20.798   1.600
   0  -4   5  137.99    5.70
   1  -4   5  36.996   1.900
   2  -4   5  0.7999  1.2999
   3  -4   5  19.498   1.700
   4  -4   5  131.49    5.80
   5  -4   5  2.7997  1.1999
  -7  -3   5  0.2000  0.6999
  -4  -3   5  11.599   1.600
  -3  -3   5  126.39    5.00
  -2  -3   5  26.697   1.800
  -1  -3   5  234.78    9.80
   0  -3   5  342.87   11.40
   1  -3   5  86.891   3.700
   2  -3   5  43.396   2.100
   3  -3   5  19.798   1.500
   4  -3   5  3.4997  1.2999
   5  -3   5  21.798   1.800
   6  -3   5  2.7997  1.4999
  -7  -2   5  14.899   1.000
  -4  -2   5  2.0998  1.2999
  -3  -2   5  12.799   1.700
  -2  -2   5  13.299   1.600
  -1  -2   5  5.6994  1.2999
   0  -2   5  212.98    8.70
   1  -2   5  74.693   3.200
   2  -2   5  117.59    4.70
   3  -2   5  43.296   2.200
   4  -2   5  174.08    8.20
   5  -2   5  10.399   1.500
   6  -2   5  153.58    6.80
   7  -2   5  36.096   2.000
  -7  -1   5  21.602   0.778
  -4  -1   5  9.6435  1.1313
  -3  -1   5  693.65   16.17
  -2  -1   5  248.38    7.28
  -1  -1   5  12.202   0.990
   0  -1   5  402.08    7.99
   1  -1   5  535.96    8.80
   2  -1   5  588.34    9.16
   3  -1   5  91.267   2.899
   4  -1   5  10.485   0.953
   5  -1   5  28.833   1.202
   6  -1   5  78.220   2.590
   7  -1   5  160.36    4.81
   8  -1   5  11.658   1.094
  -4   0   5  10.607   1.061
  -3   0   5  28.609   1.377
  -2   0   5  33.304   1.273
  -1   0   5  89.998   2.616
   0   0   5  50.533   1.590
   1   0   5  270.79    6.22
   2   0   5  137.42    4.56
   3   0   5 -0.3666  0.7399
   4   0   5  44.148   1.485
   5   0   5  62.785   2.014
   6   0   5  6.5788  1.0573
   7   0   5  8.9171  1.0606
   8   0   5  30.914   1.343
   9   0   5  45.855   1.551
  -4   1   5  26.379   1.307
  -3   1   5 2177.78   23.43
  -2   1   5  277.94    7.81
  -1   1   5  13.205   0.990
   0   1   5  152.94    5.02
   1   1   5 2510.75   19.34
   2   1   5  62.531   1.943
   3   1   5  17.611   0.919
   4   1   5  0.8499  0.7777
   5   1   5  12.152   0.919
   6   1   5  145.20    4.06
   7   1   5  23.245   1.165
   8   1   5 -0.3034  1.0234
   9   1   5 -0.4777  0.9525
  10   1   5  54.850   1.822
  -6   2   5  10.199   1.000
  -4   2   5  16.298   1.800
  -3   2   5  31.597   2.000
  -2   2   5  169.68    6.60
  -1   2   5  187.08    8.80
   0   2   5  7.7992  1.1999
   1   2   5  33.897   1.700
   2   2   5 1265.47   18.50
   3   2   5  572.54   12.30
   4   2   5  0.9999  1.0999
   5   2   5  198.88    8.30
   6   2   5  13.499   1.400
   7   2   5  13.799   1.500
   8   2   5  135.69    6.30
   9   2   5  14.099   1.700
  10   2   5  5.6994  1.3999
  -3   3   5  377.26   13.70
  -2   3   5  193.98    7.00
  -1   3   5  12.699   1.500
   0   3   5  50.995   2.300
   1   3   5  72.593   3.200
   2   3   5 -0.6999  1.0999
   3   3   5  14.899   1.300
   4   3   5  1.8998  1.0999
   5   3   5  46.295   2.300
   6   3   5  55.794   2.500
   7   3   5 -0.6999  1.3999
   8   3   5  1.9998  1.3999
   9   3   5  15.198   1.700
  10   3   5  1.2999  1.0999
  -5   4   5  6.3994  0.9999
  -3   4   5  36.496   2.000
  -2   4   5  9.4991  1.4999
  -1   4   5  99.690   4.400
   0   4   5  210.88    9.70
   1   4   5  144.39    5.50
   2   4   5  19.098   1.400
   3   4   5  10.599   1.300
   4   4   5  4.6995  1.1999
   5   4   5  434.26   12.40
   6   4   5  39.996   2.000
   7   4   5  46.195   2.300
   8   4   5  55.794   2.700
   9   4   5  58.994   3.000
  10   4   5  42.396   2.000
  -4   5   5  4.7995  0.9999
  -3   5   5  59.194   2.800
  -2   5   5  58.594   2.600
  -1   5   5  18.098   1.700
   0   5   5  39.696   1.900
   1   5   5  2.8997  1.1999
   2   5   5  8.5991  1.2999
   3   5   5  116.79    4.90
   4   5   5  290.87   10.60
   5   5   5  252.97   10.00
   6   5   5 -0.3000  1.2999
   7   5   5  0.0000  1.3999
   8   5   5  17.098   1.800
   9   5   5  29.497   2.000
  -4   6   5  1.1999  0.7999
  -3   6   5  6.7993  1.2999
  -2   6   5  61.894   2.800
  -1   6   5  10.599   1.600
   0   6   5  6.3994  1.4999
   1   6   5  19.598   1.700
   2   6   5  44.496   2.100
   3   6   5  19.998   1.500
   4   6   5  112.09    5.20
   5   6   5  6.6993  1.3999
   6   6   5  30.497   1.800
   7   6   5  144.69    6.40
   8   6   5  43.396   2.100
  -3   7   5  2.8997  0.7999
  -2   7   5  2.4997  1.0999
  -1   7   5  67.593   3.300
   0   7   5  21.898   1.800
   1   7   5  103.89    4.90
   2   7   5  70.793   3.400
   3   7   5  37.696   1.900
   4   7   5  20.998   1.700
   5   7   5  108.69    4.50
   6   7   5  0.8999  1.3999
   7   7   5  52.895   2.600
   8   7   5  64.294   3.000
  -2   8   5  6.1994  0.9999
  -1   8   5  108.89    5.00
   0   8   5  118.09    5.80
   1   8   5  8.1992  1.3999
   2   8   5  15.598   1.600
   3   8   5  90.291   4.400
   4   8   5  106.39    4.70
   5   8   5  36.796   2.100
   6   8   5  5.1995  1.4999
   7   8   5  18.598   1.700
   8   8   5  35.296   1.800
   9   8   5  43.796   2.000
  10   8   5  2.4997  0.8999
  11   8   5  63.094   2.700
  -1   9   5  9.6990  0.9999
   0   9   5  36.196   1.800
   1   9   5  218.18   10.30
   2   9   5  28.297   1.900
   3   9   5  0.7999  1.3999
   4   9   5  32.997   1.900
   5   9   5  131.29    5.80
   6   9   5  10.099   1.300
   7   9   5  46.295   2.300
   8   9   5  17.398   1.200
   9   9   5  -1.800   0.800
  10   9   5  0.8999  0.5999
   1  10   5  22.698   1.300
   2  10   5  81.592   3.500
   3  10   5  2.2998  1.1999
   4  10   5  62.394   2.900
   5  10   5  94.591   4.600
   6  10   5  24.898   1.500
   7  10   5  5.6994  1.0999
   8  10   5  5.9994  0.9999
   9  10   5  28.197   1.400
   2  11   5  40.096   1.800
   3  11   5  0.6999  0.7999
   4  11   5  0.4000  0.8999
   5  11   5  36.496   1.800
   6  11   5  2.8997  0.7999
   7  11   5  10.899   1.000
   8  11   5  9.2991  0.7999
  -3  -8   6  8.0992  0.7999
  -2  -8   6  32.797   1.600
  -1  -8   6  5.8994  0.9999
   0  -8   6  97.690   4.500
   1  -8   6  12.599   1.200
   2  -8   6  1.4999  0.8999
   3  -8   6 -0.3000  0.7999
  -4  -7   6  1.3999  0.7999
  -3  -7   6  2.2998  0.8999
  -2  -7   6  6.4993  1.1999
  -1  -7   6  18.398   1.400
   0  -7   6  2.2998  1.1999
   1  -7   6  5.5994  1.2999
   2  -7   6  0.5999  1.1999
   3  -7   6  1.9998  1.0999
   4  -7   6  24.598   1.300
   5  -7   6  0.5999  0.6999
  -5  -6   6  24.898   1.200
  -4  -6   6  1.3999  0.8999
  -3  -6   6  75.092   3.700
  -2  -6   6  4.9995  1.1999
  -1  -6   6  100.09    4.30
   0  -6   6  25.897   1.700
   1  -6   6  101.09    4.60
   2  -6   6  2.2998  1.3999
   3  -6   6  20.498   1.600
   4  -6   6  9.0991  1.2999
   5  -6   6  43.696   2.100
   6  -6   6  4.1996  0.8999
  -5  -5   6  5.3995  0.8999
  -4  -5   6  33.497   1.600
  -3  -5   6  2.0998  0.9999
  -2  -5   6  75.792   3.500
  -1  -5   6  100.59    4.60
   0  -5   6  556.44   16.90
   1  -5   6  110.69    4.80
   2  -5   6  52.795   2.400
   3  -5   6  48.595   2.400
   4  -5   6  325.17   12.70
   5  -5   6  46.295   2.200
   6  -5   6  4.0996  1.1999
   7  -5   6  0.6999  0.8999
  -6  -4   6  0.1000  0.5999
  -5  -4   6  27.497   1.300
  -4  -4   6  18.198   1.500
  -3  -4   6  144.69    6.60
  -2  -4   6  7.8992  1.5998
  -1  -4   6  0.6999  1.3999
   0  -4   6  41.596   2.100
   1  -4   6  460.25   15.20
   2  -4   6  0.4000  1.3999
   3  -4   6  46.795   2.200
   4  -4   6  115.59    5.80
   5  -4   6  188.68    7.00
   8  -4   6  0.2000  0.7999
  -6  -3   6  0.8999  0.5999
  -5  -3   6  3.9996  1.1999
  -4  -3   6  52.295   2.600
  -3  -3   6  285.07   12.60
  -2  -3   6  41.196   2.100
  -1  -3   6  5.5994  1.3999
   0  -3   6  424.06   14.00
   1  -3   6 1093.29   22.00
   2  -3   6  29.997   1.800
   3  -3   6  26.797   1.800
   4  -3   6  84.492   3.700
   5  -3   6  61.394   3.000
   6  -3   6  2.8997  1.3999
   9  -3   6  0.9999  0.5999
  -6  -2   6 -0.9999  0.5000
  -5  -2   6  10.999   1.200
  -3  -2   6  250.97   11.60
  -2  -2   6  70.693   3.500
  -1  -2   6  0.4999  1.3999
   0  -2   6  19.798   1.600
   1  -2   6  572.94   15.20
   2  -2   6  203.78    9.20
   3  -2   6  7.2993  1.3999
   4  -2   6 -0.7999  1.3999
   5  -2   6  13.099   1.600
   6  -2   6  28.397   1.900
   7  -2   6  93.791   4.000
  -6  -1   6 -0.6999  0.5656
  -5  -1   6  1.5498  0.6363
  -3  -1   6  297.35    9.12
  -2  -1   6  168.57    4.77
  -1  -1   6  13.656   1.094
   0  -1   6  4.1133  0.8817
   1  -1   6 1334.24   15.84
   2  -1   6  105.31    3.39
   3  -1   6  43.399   1.485
   4  -1   6  73.621   2.509
   5  -1   6  232.78    7.28
   6  -1   6  100.55    3.18
   7  -1   6  29.988   1.377
  -6   0   6  26.918   3.577
  -5   0   6  6.1994  0.7070
  -3   0   6  120.87    3.42
  -2   0   6  167.45    4.84
  -1   0   6  20.455   1.165
   0   0   6  41.624   1.448
   1   0   6  90.948   2.903
   2   0   6  80.507   2.475
   3   0   6  1.3912  0.8108
   4   0   6  57.161   1.865
   5   0   6  20.577   1.094
   6   0   6  96.890   3.038
   7   0   6  23.965   1.273
   8   0   6  94.925   3.252
  -5   1   6  -1.050   0.636
  -3   1   6  2.2887  0.9525
  -2   1   6  61.226   2.014
  -1   1   6  11.660   1.094
   0   1   6  196.08    6.43
   1   1   6  50.437   1.763
   2   1   6  14.150   0.990
   3   1   6  96.979   3.146
   4   1   6  115.55    3.39
   5   1   6  18.941   1.094
   6   1   6  4.1746  0.9191
   7   1   6  75.739   2.439
   8   1   6  13.503   1.165
   9   1   6  83.063   2.825
  -5   2   6  1.1999  0.8999
  -3   2   6  0.5999  1.3999
  -2   2   6  3.4997  1.3999
  -1   2   6  116.79    5.60
   0   2   6  48.995   2.300
   1   2   6  174.98    8.50
   2   2   6  379.36   11.20
   3   2   6  321.97   10.60
   4   2   6  42.396   2.000
   5   2   6  103.19    4.90
   6   2   6  49.795   2.300
   7   2   6  31.997   2.000
   8   2   6  5.7994  1.5998
   9   2   6  43.696   2.100
  -5   3   6  9.0991  0.8999
  -4   3   6  35.296   1.700
  -2   3   6  20.198   1.800
  -1   3   6  95.390   4.300
   0   3   6  24.798   1.700
   1   3   6  204.68    9.60
   2   3   6  -1.400   1.200
   3   3   6  57.994   2.800
   4   3   6  103.09    5.00
   5   3   6  7.2993  1.2999
   6   3   6  18.098   1.500
   7   3   6  16.798   1.700
   8   3   6  3.0997  1.3999
   9   3   6  2.5997  1.3999
  -4   4   6  33.497   1.700
  -3   4   6  21.298   1.500
  -2   4   6  3.1997  1.2999
  -1   4   6  470.65   15.70
   0   4   6  290.77   12.20
   1   4   6  89.291   4.200
   2   4   6  0.5999  1.2999
   3   4   6  444.76   13.00
   4   4   6  354.36   11.70
   5   4   6  13.799   1.500
   6   4   6  3.6996  1.2999
   7   4   6  51.895   2.400
   8   4   6  26.597   2.000
   9   4   6  5.1995  1.3999
  -4   5   6  0.5999  0.7999
  -3   5   6 -0.8999  1.0999
  -2   5   6  35.796   1.900
  -1   5   6  2.7997  1.3999
   0   5   6  97.190   4.500
   1   5   6  0.8999  1.3999
   2   5   6  26.997   1.800
   3   5   6  5.5994  1.3999
   4   5   6  226.08   10.40
   5   5   6  5.8994  1.3999
   6   5   6  41.296   2.000
   7   5   6  37.496   2.000
   8   5   6  0.4000  1.3999
   9   5   6 -0.7999  1.2999
  -3   6   6  0.1000  0.8999
  -2   6   6  46.995   2.300
  -1   6   6  56.194   2.700
   0   6   6  24.997   1.900
   1   6   6  13.099   1.600
   2   6   6  1.7998  1.2999
   3   6   6  64.894   3.200
   4   6   6  123.79    5.80
   5   6   6  8.0992  1.4999
   6   6   6  16.898   1.700
   7   6   6  29.597   2.000
   8   6   6  59.794   2.700
  -2   7   6  5.0995  0.8999
  -1   7   6  2.0998  1.1999
   0   7   6  44.696   2.200
   1   7   6  3.6996  1.4999
   2   7   6  10.299   1.700
   3   7   6  3.4997  1.3999
   4   7   6  92.591   4.300
   5   7   6  1.3999  1.3999
   6   7   6  82.492   3.700
   7   7   6  38.496   2.000
   8   7   6  34.397   1.900
  11   7   6  0.4999  0.6999
  -1   8   6  3.5996  0.9999
   0   8   6  13.699   1.300
   1   8   6  58.194   2.900
   2   8   6  12.199   1.500
   3   8   6  7.6992  1.3999
   4   8   6  16.498   1.700
   5   8   6  4.6995  1.4999
   6   8   6  8.0992  1.3999
   7   8   6  132.09    6.10
   8   8   6  109.49    4.40
   9   8   6  0.5999  1.0999
  10   8   6  -1.300   1.000
  11   8   6  56.194   2.600
   0   9   6  5.6994  0.9999
   1   9   6  47.895   2.300
   2   9   6  0.5000  1.1999
   3   9   6 -0.9999  1.2999
   4   9   6  50.895   2.500
   5   9   6  44.596   2.200
   6   9   6 -0.5999  1.0999
   7   9   6  0.1000  0.9999
   8   9   6  5.7994  1.0999
   9   9   6  23.398   1.300
  10   9   6  0.7999  0.6999
   1  10   6  23.598   1.200
   2  10   6  144.99    7.00
   3  10   6  11.899   1.200
   4  10   6  2.9997  1.0999
   5  10   6  38.296   1.700
   6  10   6  87.691   3.700
   7  10   6  1.1999  0.9999
   8  10   6  113.09    4.50
   9  10   6  16.998   1.000
   4  11   6  33.397   1.600
   5  11   6  12.899   1.000
   6  11   6  3.4997  0.7999
   7  11   6  28.797   1.400
   8  11   6  0.3000  0.5999
  -1  -8   7  30.597   1.400
   0  -8   7  4.2996  0.7999
   1  -8   7  28.697   1.300
  -3  -7   7  1.5998  0.5999
  -2  -7   7  0.4000  0.6999
  -1  -7   7  19.198   1.300
   0  -7   7  119.19    5.00
   1  -7   7  2.4997  0.9999
   2  -7   7  22.498   1.400
   3  -7   7  32.397   1.600
   4  -7   7  54.795   2.500
  -4  -6   7  4.9995  0.6999
  -3  -6   7  2.4997  0.7999
  -2  -6   7  1.2999  0.8999
  -1  -6   7  2.0998  0.9999
   0  -6   7  0.2000  0.9999
   1  -6   7  69.893   3.100
   2  -6   7  0.6999  1.1999
   3  -6   7  2.9997  1.1999
   4  -6   7  23.998   1.400
   5  -6   7  49.795   2.400
   6  -6   7  12.499   0.800
  -4  -5   7  3.6996  0.7999
  -3  -5   7  0.2000  0.8999
  -2  -5   7  0.1000  0.9999
  -1  -5   7  40.096   2.000
   0  -5   7  17.298   1.500
   1  -5   7 -0.3000  1.3999
   2  -5   7  7.0993  1.4999
   3  -5   7  53.795   2.600
   4  -5   7  9.4991  1.4999
   5  -5   7  9.1991  1.2999
   6  -5   7  7.3993  1.1999
   7  -5   7  63.494   2.500
  -5  -4   7  0.0000  0.5999
  -4  -4   7  0.5999  0.7999
  -3  -4   7  46.895   2.200
  -2  -4   7  40.396   1.900
  -1  -4   7 -0.2000  1.3999
   0  -4   7  10.499   1.500
   1  -4   7  177.28    6.90
   2  -4   7  59.294   2.800
   3  -4   7  84.392   3.900
   4  -4   7  12.199   1.700
   5  -4   7  9.4991  1.4999
   6  -4   7  18.398   1.500
   7  -4   7  8.0992  1.0999
   8  -4   7  13.499   1.000
  -5  -3   7  0.7999  0.5999
  -4  -3   7  4.7995  0.8999
  -3  -3   7  46.495   2.200
  -2  -3   7  171.08    7.00
  -1  -3   7  2.6997  1.3999
   0  -3   7  27.097   1.900
   1  -3   7  231.38   10.80
   2  -3   7  577.54   17.00
   3  -3   7  29.797   1.900
   4  -3   7  34.996   2.000
   5  -3   7  29.397   2.000
   8  -3   7  14.699   1.200
  -5  -2   7  2.0998  0.6999
  -4  -2   7  0.8999  0.6999
  -3  -2   7 -0.9999  1.3999
  -2  -2   7  38.896   2.000
  -1  -2   7  18.298   1.700
   0  -2   7  33.297   1.900
   1  -2   7 -0.8999  1.3999
   2  -2   7  24.798   1.800
   3  -2   7  14.998   1.700
   4  -2   7  0.8999  1.3999
   5  -2   7  3.4996  1.4999
   6  -2   7  19.798   1.700
  -5  -1   7  0.3000  0.4800
  -4  -1   7  1.8998  0.8484
  -3  -1   7  9.0496  0.9525
  -2  -1   7  88.267   2.876
  -1  -1   7  32.534   1.343
   0  -1   7  0.4999  0.9899
   1  -1   7  2.4997  0.9899
   2  -1   7  196.40    6.68
   3  -1   7  6.7816  0.9191
   4  -1   7  104.61    3.11
   5  -1   7  0.0000  0.9899
   6  -1   7  17.753   1.236
   7  -1   7  110.30    3.39
  -5   0   7  5.8805  0.5268
  -4   0   7  12.006   0.919
  -3   0   7 -0.0652  0.8108
  -2   0   7  82.831   2.847
  -1   0   7 -0.2000  0.9899
   0   0   7  2.6283  0.9823
   1   0   7  24.453   1.236
   2   0   7  30.324   1.236
   3   0   7  14.650   1.023
   4   0   7  24.098   1.165
   5   0   7  74.752   2.401
   6   0   7  3.1273  1.0234
   7   0   7  18.995   1.236
  -4   1   7  1.0047  0.7399
  -3   1   7  11.311   0.953
  -2   1   7  32.469   1.414
  -1   1   7  2.4498  0.9899
   0   1   7  0.9499  0.9191
   1   1   7  7.0667  0.9899
   2   1   7  9.0002  1.0606
   3   1   7  5.6853  0.9899
   4   1   7  189.33    6.54
   5   1   7  69.030   2.263
   6   1   7 -0.6999  0.9899
   7   1   7  31.645   1.414
   8   1   7  8.9087  1.1650
  -4   2   7  8.5991  1.1999
  -3   2   7  1.5998  1.0999
  -2   2   7  27.197   1.900
  -1   2   7  2.0998  1.2999
   0   2   7  24.098   1.800
   1   2   7  43.696   2.100
   2   2   7  153.48    6.10
   3   2   7  35.796   1.800
   4   2   7  328.57   11.90
   5   2   7  138.89    5.60
   6   2   7  -1.900   1.500
   7   2   7  0.7999  1.3999
   8   2   7  7.8992  1.4999
  -4   3   7  21.998   1.200
  -3   3   7  6.8993  1.3999
  -2   3   7  13.399   1.500
  -1   3   7  116.59    4.90
   0   3   7  372.26   13.70
   1   3   7  92.091   4.400
   2   3   7  4.4995  1.2999
   3   3   7  136.49    5.90
   4   3   7 1171.68   22.20
   5   3   7  4.6995  1.3999
   6   3   7  92.091   4.200
   7   3   7  91.691   4.400
   8   3   7  173.48    7.30
  -3   4   7  0.5000  0.8999
  -2   4   7  55.194   2.800
  -1   4   7  50.695   2.500
   0   4   7  417.86   14.80
   1   4   7  307.47   12.60
   2   4   7  35.296   1.800
   3   4   7  32.997   1.800
   4   4   7 1119.69   22.50
   5   4   7  323.57   12.10
   6   4   7  24.098   1.700
   7   4   7 -0.1000  1.4999
   8   4   7  80.092   3.600
  -3   5   7  9.1991  0.9999
  -2   5   7  82.692   3.600
  -1   5   7  18.398   1.500
   0   5   7  96.790   4.300
   1   5   7  37.496   2.000
   2   5   7  1.8998  1.3999
   3   5   7  10.299   1.500
   4   5   7  397.76   14.10
   5   5   7  5.1995  1.4999
   6   5   7  371.86   13.40
   7   5   7  39.796   2.000
   8   5   7  28.297   2.000
  -2   6   7  0.8999  0.8999
  -1   6   7  17.298   1.400
   0   6   7  9.8990  1.4999
   1   6   7  273.67   11.80
   2   6   7  22.498   1.900
   3   6   7  140.49    6.30
   4   6   7  7.8992  1.4999
   5   6   7  121.89    6.10
   6   6   7  39.996   2.000
   7   6   7  20.498   1.800
   8   6   7  7.7992  1.4999
  11   6   7  1.0999  0.5999
  -1   7   7  2.8997  0.7999
   0   7   7  68.593   3.100
   1   7   7  105.59    4.50
   2   7   7  54.795   2.600
   3   7   7  12.399   1.600
   4   7   7  279.37   12.50
   5   7   7  205.88    7.50
   6   7   7  51.995   2.500
   7   7   7  3.4997  1.3999
   8   7   7  12.299   1.500
   9   7   7  0.5000  1.0999
  10   7   7  5.2995  0.9999
  11   7   7  14.399   1.100
   0   8   7  5.5994  0.9999
   1   8   7  55.494   2.700
   2   8   7 -0.5999  1.1999
   3   8   7  2.1998  1.3999
   4   8   7  0.5000  1.0999
   5   8   7  41.396   2.000
   6   8   7  53.995   2.600
   7   8   7  87.391   4.000
   8   8   7  12.799   1.200
   9   8   7  0.4000  0.6999
  10   8   7  2.3998  0.7999
   1   9   7  101.89    4.20
   2   9   7  0.6999  1.0999
   3   9   7 -0.5999  1.0999
   4   9   7  0.7999  1.1999
   5   9   7  29.797   1.700
   6   9   7  22.798   1.400
   7   9   7  1.6998  0.8999
   8   9   7  99.490   4.600
   9   9   7  47.195   2.100
  10   9   7  4.3996  0.6999
   3  10   7  14.499   1.100
   4  10   7 -0.2000  0.9999
   5  10   7  13.199   1.100
   6  10   7  24.997   1.300
   7  10   7  0.8999  0.7999
   8  10   7  24.098   1.100
   9  10   7  11.599   0.800
   6  11   7  1.5998  0.5999
   0  -7   8  0.5999  0.6999
   1  -7   8  31.997   1.500
   2  -7   8  51.895   2.600
  -2  -6   8  0.6999  0.6999
  -1  -6   8  12.699   1.000
   0  -6   8  66.193   3.100
   1  -6   8  71.393   3.300
   2  -6   8  2.5997  1.0999
   3  -6   8  1.3999  0.9999
   4  -6   8  3.8996  0.8999
   5  -6   8  9.7990  0.7999
  -3  -5   8  6.8993  0.6999
  -2  -5   8  0.6999  0.7999
  -1  -5   8  3.2997  0.9999
   0  -5   8  0.5999  0.9999
   1  -5   8  8.1992  1.2999
   2  -5   8  148.79    5.80
   3  -5   8  94.591   4.700
   4  -5   8  10.999   1.300
   5  -5   8  24.098   1.400
   6  -5   8  73.793   3.400
  -3  -4   8  3.0997  0.7999
  -2  -4   8 -0.5000  0.8999
  -1  -4   8  4.9995  1.0999
   0  -4   8  1.9998  0.9999
   1  -4   8  2.7997  1.1999
   2  -4   8  18.098   1.700
   3  -4   8  1.8998  1.3999
   4  -4   8  15.198   1.600
   5  -4   8  10.099   1.200
   6  -4   8  0.0000  0.9999
   7  -4   8  53.595   2.300
  -4  -3   8  18.098   0.900
  -3  -3   8  11.399   1.000
  -2  -3   8  21.198   1.400
  -1  -3   8 -0.7999  1.0999
   0  -3   8  15.798   1.400
   1  -3   8  166.88    6.90
   2  -3   8  53.395   2.600
   3  -3   8  2.1998  1.4999
   4  -3   8  36.996   2.000
   5  -3   8  24.398   1.800
   6  -3   8  31.297   1.800
   7  -3   8  7.3993  1.1999
   8  -3   8  6.8993  0.8999
  -4  -2   8  19.398   0.900
  -3  -2   8  7.3993  0.9999
  -2  -2   8  1.2999  0.8999
  -1  -2   8  9.2991  1.1999
   0  -2   8  20.598   1.700
   1  -2   8  45.695   2.200
   2  -2   8  16.098   1.600
   3  -2   8  90.891   4.500
   4  -2   8  259.37   12.10
   5  -2   8  40.896   2.100
   6  -2   8  91.491   4.200
   7  -2   8  364.66   12.70
   8  -2   8  242.68    9.70
   9  -2   8  4.5995  0.7999
  -4  -1   8  17.270   0.696
  -3  -1   8  12.433   0.811
  -2  -1   8  25.118   1.232
  -1  -1   8  22.649   1.081
   0  -1   8  36.550   1.414
   1  -1   8  2.2412  1.0234
   2  -1   8  7.6996  1.0234
   3  -1   8  73.607   2.439
   4  -1   8  23.669   1.273
   5  -1   8  56.331   1.905
   6  -1   8  1.1332  0.9525
   9  -1   8  11.853   0.707
  -4   0   8  5.6375  0.5268
  -3   0   8  4.9043  0.6965
  -2   0   8  30.591   1.196
  -1   0   8  0.2500  0.9899
   0   0   8  40.331   1.555
   1   0   8  25.633   1.307
   2   0   8  14.299   1.131
   3   0   8  34.774   1.377
   4   0   8 1237.96   17.25
   5   0   8  123.07    3.87
   6   0   8 -0.2500  0.9899
   7   0   8  62.473   2.047
  10   0   8  3.4528  0.4949
  -3   1   8  0.0111  0.6246
  -2   1   8  3.6709  0.9730
  -1   1   8  4.1391  0.8649
   0   1   8  5.2082  0.9899
   1   1   8  0.5000  0.9191
   2   1   8  35.039   1.377
   3   1   8  14.866   1.061
   4   1   8  4.2189  1.0606
   5   1   8  15.598   1.202
   6   1   8  3.3497  1.0606
   7   1   8  93.813   3.109
  -3   2   8  41.896   2.000
  -2   2   8  5.8994  1.1999
  -1   2   8  19.298   1.800
   0   2   8  73.693   3.500
   1   2   8  98.390   4.500
   2   2   8  0.1000  1.2999
   3   2   8  51.095   2.400
   4   2   8  838.92   20.10
   5   2   8  221.48   10.90
   6   2   8  61.094   2.900
   7   2   8  2.1998  1.3999
   8   2   8  327.97   13.00
  11   2   8  8.1992  0.7999
  -3   3   8  2.5997  0.7999
  -2   3   8  5.2995  1.1999
  -1   3   8  11.199   1.500
   0   3   8  15.698   1.700
   1   3   8  66.993   3.100
   2   3   8  37.196   2.100
   3   3   8  14.099   1.600
   4   3   8  1.4999  1.3999
   5   3   8  3.4997  1.3999
   6   3   8  0.4000  1.4999
   7   3   8  2.7997  1.3999
   8   3   8  54.095   2.700
  -2   4   8  4.6995  0.9999
  -1   4   8  97.990   4.200
   0   4   8  3.2997  1.1999
   1   4   8  165.28    7.00
   2   4   8  11.299   1.500
   3   4   8  123.69    5.00
   4   4   8  16.098   1.700
   5   4   8  126.59    6.10
   6   4   8  234.28   11.30
   7   4   8  10.099   1.700
   8   4   8  0.5000  1.2999
  -2   5   8  18.498   1.200
  -1   5   8  2.9997  1.0999
   0   5   8  5.4995  1.3999
   1   5   8  39.696   2.000
   2   5   8  27.097   2.000
   3   5   8  39.796   2.100
   4   5   8  126.79    6.20
   5   5   8  68.993   3.200
   6   5   8  0.5999  1.3999
   7   5   8 -0.5999  1.4999
  11   5   8  15.798   1.100
  -1   6   8  0.9999  0.7999
   0   6   8  4.4995  1.2999
   1   6   8  97.890   4.000
   2   6   8  132.89    6.10
   3   6   8  201.58    7.60
   4   6   8  58.894   2.700
   5   6   8  153.28    6.30
   6   6   8  283.37   12.20
   7   6   8  113.19    5.70
   8   6   8 -0.3000  1.2999
   9   6   8  13.899   1.400
  10   6   8  18.198   1.300
  11   6   8  2.3998  0.7999
   0   7   8  2.5997  0.8999
   1   7   8  19.698   1.500
   2   7   8  59.994   2.800
   3   7   8  41.496   2.000
   4   7   8  1.4999  1.1999
   5   7   8  26.497   1.700
   6   7   8  12.199   1.400
   7   7   8  9.0991  1.3999
   8   7   8  25.997   1.400
   9   7   8 -0.2000  0.6999
  10   7   8 -0.5999  0.5000
  11   7   8  13.099   0.800
   1   8   8  116.29    4.60
   2   8   8  27.597   1.500
   3   8   8  45.095   2.200
   4   8   8 -0.2000  1.1999
   5   8   8  71.193   3.200
   6   8   8  35.196   1.700
   7   8   8  14.699   1.400
   8   8   8  15.298   1.300
   9   8   8  40.096   1.900
  10   8   8  16.498   1.000
   2   9   8  15.298   1.100
   3   9   8  1.5998  0.9999
   4   9   8  0.8999  0.8999
   5   9   8  9.8990  1.0999
   6   9   8  5.2995  0.9999
   7   9   8  1.2999  0.9999
   8   9   8  8.8991  0.9999
   9   9   8 -0.7999  0.7999
   4  10   8  9.1991  0.9999
   5  10   8  1.7998  0.6999
   6  10   8  6.2994  0.7999
   7  10   8  1.3999  0.6999
   8  10   8  7.8992  0.7999
   1  -6   9  0.3000  0.6999
   2  -6   9  0.6999  0.6999
  -1  -5   9  4.9995  0.6999
   0  -5   9  6.2994  0.7999
   1  -5   9  0.5999  0.7999
   2  -5   9  31.097   1.500
   3  -5   9  10.099   1.100
   4  -5   9  5.8994  0.9999
   5  -5   9  5.2995  0.7999
  -2  -4   9  2.3998  0.6999
  -1  -4   9  4.3996  0.8999
   0  -4   9  0.1000  0.9999
   1  -4   9  0.0000  0.9999
   2  -4   9  4.9995  1.1999
   3  -4   9  4.1996  1.1999
   4  -4   9  2.0998  0.8999
   5  -4   9  1.4999  0.8999
   6  -4   9  0.2000  0.8999
  -2  -3   9  7.0993  0.7999
  -1  -3   9  0.8999  0.7999
   0  -3   9  6.7993  1.0999
   1  -3   9  21.798   1.500
   2  -3   9 -0.4000  1.2999
   3  -3   9  2.0998  1.3999
   4  -3   9  26.997   1.700
   5  -3   9  12.099   1.300
   6  -3   9  18.798   1.400
   7  -3   9  3.4996  0.9999
  -2  -2   9 -0.6999  0.7999
  -1  -2   9  0.4000  0.9999
   0  -2   9 -0.5000  1.0999
   1  -2   9  8.3992  1.2999
   2  -2   9  34.097   2.000
   3  -2   9  4.9995  1.4999
   4  -2   9  36.596   1.900
   5  -2   9  38.796   2.000
   6  -2   9  46.795   2.200
   7  -2   9  2.1998  1.0999
   8  -2   9  36.496   1.800
  -2  -1   9  0.2333  0.6246
  -1  -1   9  2.2855  0.7199
   0  -1   9  59.256   2.050
   1  -1   9  12.298   1.009
   2  -1   9  1.3221  0.9525
   3  -1   9  15.630   1.131
   4  -1   9  492.23   11.24
   5  -1   9  239.09    7.90
   6  -1   9  2.2705  1.2196
   7  -1   9  3.0552  0.8108
   8  -1   9  128.14    3.67
   9  -1   9  31.847   2.317
  -2   0   9  11.190   0.720
  -1   0   9  23.005   1.054
   0   0   9  31.153   1.267
   1   0   9  6.7794  0.9823
   2   0   9  51.763   1.763
   3   0   9  163.84    4.77
   4   0   9  19.290   1.131
   5   0   9  26.439   1.273
   6   0   9  34.073   1.343
   7   0   9  2.3849  0.9525
   8   0   9  13.771   0.919
   9   0   9  52.811   1.794
  -2   1   9  32.175   1.125
  -1   1   9  39.952   1.377
   0   1   9  1.6855  0.7199
   1   1   9  55.796   1.980
   2   1   9 -0.5499  0.9899
   3   1   9  26.304   1.363
   4   1   9  35.297   1.414
   5   1   9  270.60    8.33
   6   1   9  23.961   1.273
   7   1   9 -0.5999  0.8484
   8   1   9  25.629   1.094
   9   1   9  26.375   0.990
  10   1   9  4.1202  0.5979
  -2   2   9  3.9996  0.8999
  -1   2   9  39.496   1.900
   0   2   9  17.398   1.500
   1   2   9 -0.5999  1.2999
   2   2   9  5.7994  1.4999
   3   2   9  41.096   2.000
   4   2   9  14.699   1.800
   5   2   9  83.692   3.800
   6   2   9  55.594   2.700
   7   2   9  8.5991  1.3999
   8   2   9  78.992   3.900
   9   2   9  7.6992  1.0999
  10   2   9  17.298   1.100
  -2   3   9  59.594   2.600
  -1   3   9  4.4995  0.9999
   0   3   9  1.2999  1.1999
   1   3   9  98.190   4.300
   2   3   9  1.0999  1.2999
   3   3   9  15.698   1.600
   4   3   9 -0.3000  1.4999
   5   3   9  255.67   11.90
   6   3   9  1.3999  1.3999
   7   3   9 -0.8999  1.3999
   8   3   9  4.4996  1.1999
   9   3   9  37.796   1.900
  10   3   9  40.796   1.900
  -1   4   9  23.898   1.300
   0   4   9  51.795   2.500
   1   4   9  3.9996  1.2999
   2   4   9  9.2991  1.4999
   3   4   9 -0.3000  1.3999
   4   4   9  3.4996  1.4999
   5   4   9  279.97   11.80
   6   4   9  2.1998  1.3999
   7   4   9  0.6999  1.3999
   8   4   9  18.998   1.600
   9   4   9  30.097   1.600
  10   4   9  6.2994  0.9999
  11   4   9  0.1000  0.3000
  -1   5   9  22.098   1.100
   0   5   9  2.1998  0.9999
   1   5   9  28.797   1.700
   2   5   9  0.9999  1.2999
   3   5   9  197.38    9.90
   4   5   9  9.0991  1.4999
   5   5   9  71.893   3.400
   6   5   9  8.3992  1.3999
   7   5   9  3.7996  0.9999
   8   5   9  3.9996  1.2999
   9   5   9  8.2992  1.2999
  10   5   9  0.4000  0.9999
  11   5   9  0.1000  0.5000
   0   6   9  6.8993  0.8999
   1   6   9  24.098   1.500
   2   6   9  230.68   10.10
   3   6   9  75.192   3.700
   4   6   9  35.396   1.800
   5   6   9  129.59    5.90
   6   6   9  165.98    6.50
   7   6   9  162.28    6.20
   8   6   9  68.893   3.400
   9   6   9  8.6991  0.9999
  10   6   9  18.498   1.100
   1   7   9  117.99    4.70
   2   7   9  109.39    5.00
   3   7   9  11.699   1.300
   4   7   9 -0.7999  1.2999
   5   7   9  52.095   2.400
   6   7   9  5.8994  1.0999
   7   7   9  13.999   1.300
   8   7   9  89.591   4.400
   9   7   9  53.595   2.400
  10   7   9  7.6992  0.7999
   2   8   9  27.797   1.300
   3   8   9  15.798   1.300
   4   8   9  30.797   1.500
   5   8   9  10.299   1.000
   6   8   9  1.5998  0.8999
   7   8   9  15.498   1.300
   8   8   9  79.392   3.900
   9   8   9  0.5999  0.6999
  10   8   9 -0.7999  0.5999
   4   9   9  11.299   1.000
   5   9   9  13.999   1.000
   6   9   9  35.196   1.800
   7   9   9  49.295   2.400
   8   9   9  9.7990  0.7999
   9   9   9  27.197   1.300
   1  -4  10  20.198   1.000
   2  -4  10  1.6998  0.7999
   3  -4  10  9.6990  0.9999
   4  -4  10  0.8999  0.7999
   5  -4  10  3.9996  0.7999
   0  -3  10  29.597   1.400
   1  -3  10  82.292   3.800
   2  -3  10  5.2995  1.0999
   3  -3  10 -0.8999  1.0999
   4  -3  10  33.697   1.600
   5  -3  10  20.598   1.200
   6  -3  10  0.5000  0.7999
  -1  -2  10  5.8994  0.7999
   0  -2  10  3.4997  0.8999
   1  -2  10  4.5995  0.9999
   2  -2  10  29.997   1.500
   3  -2  10  4.1996  1.0999
   4  -2  10 -0.3000  1.1999
   5  -2  10  36.996   1.900
   6  -2  10  1.5998  0.9999
   7  -2  10  5.7994  0.8999
  -1  -1  10  1.4065  0.5268
   0  -1  10  19.601   0.882
   1  -1  10  47.573   1.626
   2  -1  10  5.2227  0.8817
   3  -1  10  41.604   1.414
   4  -1  10  21.338   1.054
   5  -1  10  2.0569  0.7199
   6  -1  10  4.7226  0.7681
   7  -1  10  14.873   0.840
   8  -1  10  0.0600  0.4992
  -1   0  10  6.5765  0.5979
   0   0  10  0.8110  0.6246
   1   0  10  4.5733  0.7681
   2   0  10  1.3086  0.8108
   3   0  10  2.9994  0.9369
   4   0  10  108.11    3.41
   5   0  10  8.3613  0.8649
   6   0  10  0.2273  0.7681
   7   0  10  2.7318  0.9123
   8   0  10  94.987   3.060
   9   0  10  33.816   1.165
  -1   1  10  0.7399  0.5268
   0   1  10  6.1153  0.6965
   1   1  10  8.8132  0.8108
   2   1  10  22.475   1.094
   3   1  10  32.951   1.236
   4   1  10  4.7821  0.9065
   5   1  10  29.604   1.267
   6   1  10  12.808   0.982
   7   1  10  14.022   0.937
   8   1  10  12.023   0.793
   9   1  10  42.068   1.377
  -1   2  10  0.3000  0.6999
   0   2  10  2.2998  0.8999
   1   2  10 -0.4000  1.0999
   2   2  10  1.9998  1.1999
   3   2  10  32.197   1.900
   4   2  10  1.4999  1.0999
   5   2  10  16.998   1.500
   6   2  10  30.697   1.600
   7   2  10  113.49    5.30
   8   2  10  23.798   1.300
   9   2  10  3.4997  0.7999
  10   2  10  3.0997  0.6999
   0   3  10  26.497   1.300
   1   3  10  1.9998  1.0999
   2   3  10  47.495   2.200
   3   3  10  0.5000  1.2999
   4   3  10  1.3999  1.0999
   5   3  10  40.196   2.000
   6   3  10  32.097   1.600
   7   3  10  16.598   1.400
   8   3  10  24.198   1.300
   9   3  10  0.8999  0.7999
  10   3  10  -1.900   0.600
   0   4  10  6.4993  0.7999
   1   4  10 -0.8999  0.8999
   2   4  10  1.0999  1.0999
   3   4  10  0.5999  1.1999
   4   4  10  2.4997  0.9999
   5   4  10 -0.4000  0.9999
   6   4  10 -0.8999  1.0999
   7   4  10  13.599   1.300
   8   4  10  20.998   1.400
   9   4  10  4.4995  0.8999
  10   4  10  2.8997  0.6999
   1   5  10  3.6996  0.8999
   2   5  10  47.495   2.200
   3   5  10  21.598   1.600
   4   5  10  0.3000  1.0999
   5   5  10  4.6995  1.1999
   6   5  10  19.098   1.400
   7   5  10  22.598   1.400
   8   5  10  44.995   2.100
   9   5  10  16.498   1.100
  10   5  10  0.4999  0.6999
   2   6  10  8.5991  1.0999
   3   6  10  1.4999  0.9999
   4   6  10  3.3997  0.9999
   5   6  10  5.7994  0.9999
   6   6  10  11.099   1.300
   7   6  10  1.7998  0.7999
   8   6  10  2.4997  0.8999
   9   6  10  6.2994  0.8999
  10   6  10  0.3000  0.5999
   3   7  10  3.9996  0.8999
   4   7  10  12.799   1.200
   5   7  10  20.698   1.300
   6   7  10  21.698   1.300
   7   7  10  13.899   1.200
   8   7  10  51.395   2.200
   9   7  10  11.899   0.900
   4   8  10  9.7990  0.9999
   5   8  10  50.295   2.300
   6   8  10  26.897   1.300
   7   8  10  30.997   1.500
   8   8  10  24.598   1.200
   2  -2  11  10.699   0.900
   3  -2  11  0.5000  0.8999
   4  -2  11  2.1998  0.8999
   5  -2  11  3.2997  0.8999
   6  -2  11  0.5999  0.6999
   1  -1  11 -0.1267  0.5268
   2  -1  11  27.326   0.953
   3  -1  11  26.522   0.953
   4  -1  11  0.8210  0.6689
   5  -1  11  7.6580  0.7399
   6  -1  11  5.0411  0.6689
   7  -1  11  2.4469  0.4949
   1   0  11  14.669   0.636
   2   0  11  25.752   0.919
   3   0  11  18.759   0.919
   4   0  11  11.703   0.848
   5   0  11  7.1319  0.7399
   6   0  11  0.5111  0.6246
   7   0  11  3.8996  0.5979
   8   0  11  6.1223  0.5268
   1   1  11  1.3599  0.5268
   2   1  11  18.784   0.882
   3   1  11  27.984   1.061
   4   1  11  2.2816  0.7681
   5   1  11  11.076   0.811
   6   1  11  10.523   0.840
   7   1  11  48.424   1.692
   8   1  11  36.077   1.165
   1   2  11  4.9995  0.8999
   2   2  11  0.3000  0.8999
   3   2  11  0.8999  1.0999
   4   2  11  46.095   2.100
   5   2  11  13.599   1.300
   6   2  11  66.293   3.100
   7   2  11  113.59    4.60
   8   2  11  41.896   1.900
   9   2  11  3.4997  0.5999
   1   3  11  3.8996  0.7999
   2   3  11  11.099   1.100
   3   3  11  7.0993  1.0999
   4   3  11  6.6993  0.9999
   5   3  11  16.798   1.300
   6   3  11  67.593   3.200
   7   3  11  3.4996  0.9999
   8   3  11  21.298   1.200
   9   3  11  0.5999  0.5999
   2   4  11  0.9999  0.6999
   3   4  11  7.0993  1.0999
   4   4  11  14.099   1.300
   5   4  11  21.298   1.300
   6   4  11  2.8997  0.8999
   7   4  11  13.799   1.100
   8   4  11  29.597   1.400
   9   4  11  1.1999  0.6999
   3   5  11  2.5997  0.8999
   4   5  11  31.497   1.500
   5   5  11  9.7990  0.9999
   6   5  11  26.097   1.300
   7   5  11  7.8992  0.8999
   8   5  11  52.595   2.500
   9   5  11  1.0999  0.5999
   4   6  11  2.1998  0.7999
   5   6  11  24.798   1.200
   6   6  11  30.797   1.500
   7   6  11  0.7999  0.7999
   8   6  11  7.4992  0.7999
   9   6  11  11.999   0.800
   5   7  11  40.596   2.000
   6   7  11  6.0994  0.7999
   7   7  11  2.7997  0.6999
   8   7  11  79.392   3.000
   4   1  12  14.205   0.636
   5   1  12 -0.0923  0.4555
   6   1  12  10.015   0.566
   4   2  12  24.997   1.200
   5   2  12  27.597   1.300
   6   2  12  46.295   2.200
   7   2  12  14.599   0.900
   4   3  12  50.595   2.500
   5   3  12  12.299   0.900
   6   3  12  3.4997  0.7999
   7   3  12  1.7998  0.6999
   5   4  12  68.493   3.000
   6   4  12  2.8997  0.6999
   7   4  12  18.798   1.000
   0   0   0    0.00    0.00
endf